1.333186651714411903e-06
3.749587394296980098e-07
-1.362742195961930168e-06
1.333186651714411268e-06
-3.749587394296896454e-07
-1.362742195961930379e-06
1.333186651705292535e-06
-3.749587394271506112e-07
-1.362742195952253028e-06
1.333186651705291476e-06
3.749587394271329823e-07
-1.362742195952252816e-06
4.666153127722764119e-06
5.999339512374656717e-07
-4.725264205809397535e-06
4.666153127722762425e-06
-5.999339512374570955e-07
-4.725264205809401770e-06
4.666153127691801677e-06
-5.999339512336618585e-07
-4.725264205777477098e-06
4.666153127691799983e-06
5.999339512336322124e-07
-4.725264205777478792e-06
8.999009342611021564e-06
6.749256650429540140e-07
-9.087675964944957462e-06
8.999009342611019870e-06
-6.749256650429434260e-07
-9.087675964944955768e-06
8.999009342553740114e-06
-6.749256650390741795e-07
-9.087675964886596892e-06
8.999009342553740114e-06
6.749256650390389218e-07
-9.087675964886596892e-06
