6.120496320363405389e-07
5.082322004230980181e-07
-6.448831287227006398e-07
6.120496320363315392e-07
-5.082322004229800688e-07
-6.448831287226919577e-07
6.120496320019488837e-07
-5.082322003944561284e-07
-6.448831286864634056e-07
6.120496320019410486e-07
5.082322003943607313e-07
-6.448831286864564176e-07
1.307570516310974985e-06
5.467104139972142902e-07
-1.343720048020060738e-06
1.307570516310974350e-06
-5.467104139970823648e-07
-1.343720048020060950e-06
1.307570516237379892e-06
-5.467104139663583622e-07
-1.343720047944431707e-06
1.307570516237379469e-06
5.467104139662504714e-07
-1.343720047944431707e-06
2.022493435344712042e-06
5.677176840931493451e-07
-2.060682992038084455e-06
2.022493435344704842e-06
-5.677176840930095847e-07
-2.060682992038075561e-06
2.022493435230757735e-06
-5.677176840610705134e-07
-2.060682991921978685e-06
2.022493435230752230e-06
5.677176840609558463e-07
-2.060682991921971485e-06
2.989142201684289523e-06
9.093854109179709424e-07
-3.054788803831340496e-06
2.989142201684277665e-06
-9.093854109177295380e-07
-3.054788803831332872e-06
2.989142201515545314e-06
-9.093854108663302024e-07
-3.054788803658880776e-06
2.989142201515535573e-06
9.093854108661296673e-07
-3.054788803658874000e-06
4.002318625801085542e-06
9.349054406411509759e-07
-4.070738265654556615e-06
4.002318625801081307e-06
-9.349054406408977130e-07
-4.070738265654556615e-06
4.002318625574810008e-06
-9.349054405880101404e-07
-4.070738265424408446e-06
4.002318625574808314e-06
9.349054405878015586e-07
-4.070738265424409293e-06
5.026040491046211001e-06
9.487420171052423300e-07
-5.096166103895954160e-06
5.026040491046204225e-06
-9.487420171049814439e-07
-5.096166103895949078e-06
5.026040490761758702e-06
-9.487420170512705553e-07
-5.096166103607531818e-06
5.026040490761753620e-06
9.487420170510574206e-07
-5.096166103607527583e-06
6.087592352193042363e-06
1.176179647268271671e-06
-6.180678947610299877e-06
6.087592352193039822e-06
-1.176179647267939422e-06
-6.180678947610288865e-06
6.087592351848040761e-06
-1.176179647200964315e-06
-6.180678947259969591e-06
6.087592351848033985e-06
1.176179647200700676e-06
-6.180678947259966203e-06
7.174754678551235942e-06
1.192865162293236123e-06
-7.270160229609357954e-06
7.174754678551239331e-06
-1.192865162292893710e-06
-7.270160229609350330e-06
7.174754678144030782e-06
-1.192865162224889246e-06
-7.270160229196688584e-06
7.174754678144029088e-06
1.192865162224613748e-06
-7.270160229196683502e-06
8.267523907963682562e-06
1.201827023903903331e-06
-8.364356080698709687e-06
8.267523907963672398e-06
-1.201827023903550966e-06
-8.364356080698701217e-06
8.267523907493884208e-06
-1.201827023834976872e-06
-8.364356080223361574e-06
8.267523907493875738e-06
1.201827023834691422e-06
-8.364356080223356492e-06
9.294370066902721075e-06
1.351264203120199207e-06
-9.410403384981491095e-06
9.294370066902705828e-06
-1.351264203119751339e-06
-9.410403384981477542e-06
9.294370066373762552e-06
-1.351264203042008749e-06
-9.410403384445798660e-06
9.294370066373747305e-06
1.351264203041639654e-06
-9.410403384445786802e-06
1.033507505897761356e-05
1.361961722410970540e-06
-1.045304760610178437e-05
1.033507505897761017e-05
-1.361961722410510389e-06
-1.045304760610178606e-05
1.033507505838843268e-05
-1.361961722332036387e-06
-1.045304760550574084e-05
1.033507505838842591e-05
1.361961722331651834e-06
-1.045304760550574084e-05
1.137866729525309985e-05
1.367631580721835164e-06
-1.149783285622536838e-05
1.137866729525309646e-05
-1.367631580721370142e-06
-1.149783285622535483e-05
1.137866729460344591e-05
-1.367631580642486599e-06
-1.149783285556877216e-05
1.137866729460344422e-05
1.367631580642094635e-06
-1.149783285556875691e-05
1.231247259695917796e-05
1.464096021472560905e-06
-1.244769513552057299e-05
1.231247259695917458e-05
-1.464096021472039133e-06
-1.244769513552056282e-05
1.231247259625502592e-05
-1.464096021386759221e-06
-1.244769513480843343e-05
1.231247259625501237e-05
1.464096021386312834e-06
-1.244769513480843173e-05
1.325360057813254098e-05
1.470765028746517609e-06
-1.339044479898239286e-05
1.325360057813253760e-05
-1.470765028745984190e-06
-1.339044479898238609e-05
1.325360057737323016e-05
-1.470765028660203681e-06
-1.339044479821499965e-05
1.325360057737321999e-05
1.470765028659744166e-06
-1.339044479821499457e-05
1.419614311314083228e-05
1.474230546566452498e-06
-1.433398499305106972e-05
1.419614311314081872e-05
-1.474230546565911879e-06
-1.433398499305107480e-05
1.419614311232621020e-05
-1.474230546479847191e-06
-1.433398499222831274e-05
1.419614311232620003e-05
1.474230546479379628e-06
-1.433398499222831612e-05
1.501658564948097270e-05
1.534966748317595423e-06
-1.516785519345405250e-05
1.501658564948095576e-05
-1.534966748317033204e-06
-1.516785519345406436e-05
1.501658564861775803e-05
-1.534966748226360021e-06
-1.516785519258179660e-05
1.501658564861774109e-05
1.534966748225874036e-06
-1.516785519258180846e-05
1.584076363909527082e-05
1.538951507362352820e-06
-1.599338931655399157e-05
1.584076363909527082e-05
-1.538951507361779379e-06
-1.599338931655398479e-05
1.584076363818306377e-05
-1.538951507270777759e-06
-1.599338931563262301e-05
1.584076363818305360e-05
1.538951507270283727e-06
-1.599338931563261962e-05
1.666557731045652049e-05
1.540957288277996225e-06
-1.681903728133303923e-05
1.666557731045652049e-05
-1.540957288277416431e-06
-1.681903728133304939e-05
1.666557730949523635e-05
-1.540957288186247733e-06
-1.681903728036254276e-05
1.666557730949523635e-05
1.540957288185750949e-06
-1.681903728036255292e-05
1.737174138656939168e-05
1.577809037148570657e-06
-1.753643025536180133e-05
1.737174138656938152e-05
-1.577809037147945758e-06
-1.753643025536174712e-05
1.737174138556570507e-05
-1.577809037053921501e-06
-1.753643025434813667e-05
1.737174138556570846e-05
1.577809037053391470e-06
-1.753643025434809262e-05
1.807970753022893171e-05
1.580027841801197663e-06
-1.824553046704677288e-05
1.807970753022891815e-05
-1.580027841800560059e-06
-1.824553046704674916e-05
1.807970752918280197e-05
-1.580027841706385877e-06
-1.824553046599058039e-05
1.807970752918279858e-05
1.580027841705842717e-06
-1.824553046599055667e-05
1.878791146584543430e-05
1.581081205303335942e-06
-1.895443208139402190e-05
1.878791146584542752e-05
-1.581081205302690503e-06
-1.895443208139400157e-05
1.878791146475682755e-05
-1.581081205208456182e-06
-1.895443208029531514e-05
1.878791146475682417e-05
1.581081205207905187e-06
-1.895443208029528464e-05
1.938803862460766742e-05
1.602150781789210201e-06
-1.956394941761486461e-05
1.938803862460771146e-05
-1.602150781788524528e-06
-1.956394941761479346e-05
1.938803862348290253e-05
-1.602150781692797523e-06
-1.956394941647935935e-05
1.938803862348291947e-05
1.602150781692205658e-06
-1.956394941647929497e-05
1.998895219338803350e-05
1.603227603362914473e-06
-2.016581135195060506e-05
1.998895219338804705e-05
-1.603227603362229223e-06
-2.016581135195057457e-05
1.998895219222704270e-05
-1.603227603266446526e-06
-2.016581135077888745e-05
1.998895219222704609e-05
1.603227603265850426e-06
-2.016581135077886712e-05
2.058991114551490464e-05
1.603672125608542131e-06
-2.076735373863527651e-05
2.058991114551489448e-05
-1.603672125607858152e-06
-2.076735373863526974e-05
2.058991114431770828e-05
-1.603672125512065502e-06
-2.076735373742740075e-05
2.058991114431769134e-05
1.603672125511468979e-06
-2.076735373742740075e-05
2.109588431548478223e-05
1.614474834647268422e-06
-2.128117945418532897e-05
2.109588431548477884e-05
-1.614474834646603713e-06
-2.128117945418535946e-05
2.109588431425665561e-05
-1.614474834550219198e-06
-2.128117945294662799e-05
2.109588431425661156e-05
1.614474834549625640e-06
-2.128117945294668897e-05
2.160213035197917423e-05
1.614830801292052310e-06
-2.178821856235316131e-05
2.160213035197915051e-05
-1.614830801291391201e-06
-2.178821856235318503e-05
2.160213035072061202e-05
-1.614830801195030615e-06
-2.178821856108403490e-05
2.160213035072058491e-05
1.614830801194436845e-06
-2.178821856108406540e-05
2.210833741814799671e-05
1.614897384189157943e-06
-2.229491352627249466e-05
2.210833741814797977e-05
-1.614897384188495140e-06
-2.229491352627250482e-05
2.210833741685904296e-05
-1.614897384092164836e-06
-2.229491352497297332e-05
2.210833741685902941e-05
1.614897384091567466e-06
-2.229491352497298348e-05
2.253281901606937794e-05
1.619164102654212784e-06
-2.272596182353097348e-05
2.253281901606942538e-05
-1.619164102653559934e-06
-2.272596182353095654e-05
2.253281901475482686e-05
-1.619164102557188760e-06
-2.272596182220591241e-05
2.253281901475483702e-05
1.619164102556577202e-06
-2.272596182220593613e-05
2.295732939507943686e-05
1.619080984145721787e-06
-2.315113540954554782e-05
2.295732939507946736e-05
-1.619080984145065548e-06
-2.315113540954555121e-05
2.295732939373945107e-05
-1.619080984048697339e-06
-2.315113540819504527e-05
2.295732939373943413e-05
1.619080984048084299e-06
-2.315113540819508593e-05
2.338177117146081815e-05
1.618923268446923796e-06
-2.357598519092377238e-05
2.338177117146085542e-05
-1.618923268446270098e-06
-2.357598519092380288e-05
2.338177117009539426e-05
-1.618923268349901254e-06
-2.357598518954784190e-05
2.338177117009539088e-05
1.618923268349291390e-06
-2.357598518954789272e-05
