3.280429076359514224e-06
2.472955282039440893e-06
-3.298013285673284289e-06
3.280429076361765638e-06
-2.472955282063170521e-06
-3.298013285675536550e-06
3.280429208782052430e-06
-2.472955381334073722e-06
-3.298013418172797885e-06
3.280429208792824148e-06
2.472955381447599854e-06
-3.298013418183570026e-06
9.371631125188391477e-06
3.524359536630776806e-06
-9.395896488856070021e-06
9.371631125188581213e-06
-3.524359536664447636e-06
-9.395896488856258062e-06
9.371631502272929592e-06
-3.524359677902723915e-06
-9.395896866046827761e-06
9.371631502273837611e-06
3.524359678063812218e-06
-9.395896866047734086e-06
1.963504164857923960e-05
5.947668134673072346e-06
-1.967689122156065433e-05
1.963504164858147577e-05
-5.947668134730512191e-06
-1.967689122156289727e-05
1.963504243662043494e-05
-5.947668372114876168e-06
-1.967689200978512049e-05
1.963504243663114821e-05
5.947668372389700243e-06
-1.967689200979584393e-05
3.265247975257005292e-05
6.977753677860324503e-06
-3.270101047990535919e-05
3.265247975257026976e-05
-6.977753677927697504e-06
-3.270101047990556925e-05
3.265248106023560374e-05
-6.977753955937757240e-06
-3.270101178778350172e-05
3.265248106023662696e-05
6.977753956260123580e-06
-3.270101178778451816e-05
4.975694093218966280e-05
9.351415591905525089e-06
-4.982305586883867645e-05
4.975694093219190574e-05
-9.351415591996630258e-06
-4.982305586884089906e-05
4.975694292041331508e-05
-9.351415963028447115e-06
-4.982305785735210887e-05
4.975694292042404191e-05
9.351415963464540333e-06
-4.982305785736280859e-05
6.955868430054002046e-05
1.036018242368880106e-05
-6.963148039154299002e-05
6.955868430054022375e-05
-1.036018242378984193e-05
-6.963148039154322042e-05
6.955868707441864075e-05
-1.036018283410564758e-05
-6.963148316574047417e-05
6.955868707441967074e-05
1.036018283458930339e-05
-6.963148316574155837e-05
9.336226534558642346e-05
1.268419765373728744e-05
-9.345264564590342567e-05
9.336226534558868674e-05
-1.268419765386195205e-05
-9.345264564590566184e-05
9.336226906069286589e-05
-1.268419815407505677e-05
-9.345264936140492426e-05
9.336226906070359949e-05
1.268419815467251484e-05
-9.345264936141563076e-05
1.198063831874951598e-04
1.367164577411667447e-05
-1.199034446421658943e-04
1.198063831874954038e-04
-1.367164577425124090e-05
-1.199034446421660841e-04
1.198063879453546715e-04
-1.367164631240694593e-05
-1.199034494004496814e-04
1.198063879453557015e-04
1.367164631305195475e-05
-1.199034494004506978e-04
1.501671533071681085e-04
1.594601432016886337e-05
-1.502817989711523877e-04
1.501671533071703582e-04
-1.594601432032718061e-05
-1.502817989711546375e-04
1.501671592579932818e-04
-1.594601494525658299e-05
-1.502818049224783270e-04
1.501671592580039883e-04
1.594601494601518231e-05
-1.502818049224890064e-04
1.831117148318348812e-04
1.691214372914473925e-05
-1.832330416501734755e-04
1.831117148318351523e-04
-1.691214372931291595e-05
-1.832330416501735840e-04
1.831117220735820408e-04
-1.691214439084407227e-05
-1.832330488924497258e-04
1.831117220735830437e-04
1.691214439165007494e-05
-1.832330488924507558e-04
2.198877432353338909e-04
1.913686559120084582e-05
-2.200266542629883881e-04
2.198877432353361135e-04
-1.913686559139251921e-05
-2.200266542629905565e-04
2.198877519128610665e-04
-1.913686633657708648e-05
-2.200266629411167809e-04
2.198877519128717730e-04
1.913686633749625275e-05
-2.200266629411273790e-04
2.591908176519591776e-04
2.008167628877301911e-05
-2.593364098339680170e-04
2.591908176519592860e-04
-2.008167628897442999e-05
-2.593364098339682338e-04
2.591908278596557363e-04
-2.008167706942140914e-05
-2.593364200422937382e-04
2.591908278596567121e-04
2.008167707038787373e-05
-2.593364200422948224e-04
3.022401735484854307e-04
2.225675146683363966e-05
-3.024033499398097935e-04
3.022401735484876533e-04
-2.225675146705828635e-05
-3.024033499398120161e-04
3.022401854258565876e-04
-2.225675232803938614e-05
-3.024033618178823208e-04
3.022401854258672670e-04
2.225675232911889913e-05
-3.024033618178930002e-04
3.477598300662711997e-04
2.318024345300255759e-05
-3.479296876119497691e-04
3.477598300662715250e-04
-2.318024345323701292e-05
-3.479296876119499860e-04
3.477598437041408419e-04
-2.318024434814170093e-05
-3.479297012505496215e-04
3.477598437041420345e-04
2.318024434926848853e-05
-3.479297012505504889e-04
3.969405826650290498e-04
2.530567194706689931e-05
-3.971280244200218958e-04
3.969405826650311097e-04
-2.530567194732458367e-05
-3.971280244200242268e-04
3.969405981975546193e-04
-2.530567291965119336e-05
-3.971280399533528649e-04
3.969405981975650819e-04
2.530567292089091078e-05
-3.971280399533637612e-04
4.485348904931748030e-04
2.620784522183076617e-05
-4.487290134025222351e-04
4.485348904931750740e-04
-2.620784522209832694e-05
-4.487290134025223435e-04
4.485349080076319727e-04
-2.620784622701563719e-05
-4.487290309178126684e-04
4.485349080076328943e-04
2.620784622830253435e-05
-4.487290309178136442e-04
5.037051090033512835e-04
2.828362703189078563e-05
-5.039168161220144559e-04
5.037051090033535603e-04
-2.828362703218270706e-05
-5.039168161220169495e-04
5.037051286285816522e-04
-2.828362811142909645e-05
-5.039168357481500250e-04
5.037051286285924943e-04
2.828362811282975013e-05
-5.039168357481608670e-04
5.612321373510353265e-04
2.916448159524576944e-05
-5.614505256240539524e-04
5.612321373510357602e-04
-2.916448159554805517e-05
-5.614505256240539524e-04
5.612321591707924821e-04
-2.916448270606316386e-05
-5.614505474447429798e-04
5.612321591707934579e-04
2.916448270751136320e-05
-5.614505474447437387e-04
6.222498909817955701e-04
3.119061672129767870e-05
-6.224858634641332973e-04
6.222498909817978470e-04
-3.119061672162506033e-05
-6.224858634641356825e-04
6.222499151196535152e-04
-3.119061790339934325e-05
-6.224858876029891420e-04
6.222499151196642488e-04
3.119061790496224779e-05
-6.224858876030002009e-04
6.855677090581848787e-04
3.205015257324512795e-05
-6.858103626948800109e-04
6.855677090581852040e-04
-3.205015257358290436e-05
-6.858103626948803362e-04
6.855677355943921381e-04
-3.205015378530972242e-05
-6.858103892321079382e-04
6.855677355943935476e-04
3.205015378692034541e-05
-6.858103892321085887e-04
7.522910670187020954e-04
3.402664101529318251e-05
-7.525513048647222919e-04
7.522910670187043722e-04
-3.402664101565416763e-05
-7.525513048647244603e-04
7.522910960715849162e-04
-3.402664229558476300e-05
-7.525513339186790151e-04
7.522910960715956498e-04
3.402664229730790584e-05
-7.525513339186896402e-04
8.212577440329715600e-04
3.486485815583301927e-05
-8.215246630333518721e-04
8.212577440329719937e-04
-3.486485815620394516e-05
-8.215246630333519805e-04
8.212577756792872278e-04
-3.486485946477916871e-05
-8.215246946807591146e-04
8.212577756792886373e-04
3.486485946654960309e-05
-8.215246946807599820e-04
8.935447755324229168e-04
3.679169991387308222e-05
-8.938292787421307870e-04
8.935447755324253021e-04
-3.679169991426965627e-05
-8.938292787421329554e-04
8.935448098852762696e-04
-3.679170128801364321e-05
-8.938293130961240699e-04
8.935448098852872200e-04
3.679170128989845415e-05
-8.938293130961345867e-04
9.680183806937430911e-04
3.760859834300206065e-05
-9.683095650578107515e-04
9.680183806937436332e-04
-3.760859834340974777e-05
-9.683095650578109684e-04
9.680184178264436513e-04
-3.760859974450484871e-05
-9.683096021916670713e-04
9.680184178264446271e-04
3.760859974643790665e-05
-9.683096021916686976e-04
1.045727154941274205e-03
3.948579341702088439e-05
-1.046035923514674303e-03
1.045727154941276374e-03
-3.948579341745421290e-05
-1.046035923514676688e-03
1.045727194961799944e-03
-3.948579488073841184e-05
-1.046035963536389628e-03
1.045727194961810136e-03
3.948579488278716770e-05
-1.046035963536400904e-03
1.125565757458774768e-03
4.028137313473379355e-05
-1.125881207186534873e-03
1.125565757458774768e-03
-4.028137313517829611e-05
-1.125881207186536391e-03
1.125565800437044583e-03
-4.028137462454259207e-05
-1.125881250166008585e-03
1.125565800437045450e-03
4.028137462664029965e-05
-1.125881250166010754e-03
1.208554343663516186e-03
4.210892152473345163e-05
-1.208887377600601247e-03
1.208554343663518355e-03
-4.210892152520259946e-05
-1.208887377600603632e-03
1.208554389702422597e-03
-4.210892307379828989e-05
-1.208887423640756225e-03
1.208554389702433439e-03
4.210892307600968963e-05
-1.208887423640766633e-03
1.293616012746330503e-03
4.288318253103150446e-05
-1.293955727837769716e-03
1.293616012746329636e-03
-4.288318253151125037e-05
-1.293955727837771668e-03
1.293616061912420540e-03
-4.288318410492388807e-05
-1.293955777005128052e-03
1.293616061912420323e-03
4.288318410718339251e-05
-1.293955777005132172e-03
1.381742480117395750e-03
4.466108423699687225e-05
-1.382099779418166424e-03
1.381742480117397918e-03
-4.466108423750044350e-05
-1.382099779418168592e-03
1.381742532508552267e-03
-4.466108586724548847e-05
-1.382099831810616611e-03
1.381742532508562892e-03
4.466108586961824460e-05
-1.382099831810627020e-03
1.471885284974607097e-03
4.541402653186855590e-05
-1.472249265429739513e-03
1.471885284974607097e-03
-4.541402653238203404e-05
-1.472249265429740163e-03
1.471885340654109338e-03
-4.541402818572104624e-05
-1.472249321110541713e-03
1.471885340654110639e-03
4.541402818814136496e-05
-1.472249321110543014e-03
1.565007702721025237e-03
4.714228155376050047e-05
-1.565389267385494535e-03
1.565007702721027622e-03
-4.714228155429556780e-05
-1.565389267385496053e-03
1.565007761781908591e-03
-4.714228326116239341e-05
-1.565389326447687388e-03
1.565007761781918782e-03
4.714228326369467633e-05
-1.565389326447697797e-03
1.660089712561613673e-03
4.787390513718371753e-05
-1.660477958380442327e-03
1.660089712561613456e-03
-4.787390513772953201e-05
-1.660477958380445363e-03
1.660089775063976767e-03
-4.787390686700356392e-05
-1.660478020884121860e-03
1.660089775063977851e-03
4.787390686958371437e-05
-1.660478020884124462e-03
1.758066149892295376e-03
4.955251347497135946e-05
-1.758471979920439229e-03
1.758066149892297978e-03
-4.955251347554559359e-05
-1.758471979920440964e-03
1.758066215924460355e-03
-4.955251525560059239e-05
-1.758472045953964882e-03
1.758066215924470981e-03
4.955251525829622392e-05
-1.758472045953975507e-03
1.857945433925165500e-03
5.026281834695340797e-05
-1.858357945107660687e-03
1.857945433925165717e-03
-5.026281834753905332e-05
-1.858357945107661337e-03
1.857945503544098298e-03
-5.026282014881680821e-05
-1.858358014727976276e-03
1.857945503544100249e-03
5.026282015156072739e-05
-1.858358014727977143e-03
1.960633960049073480e-03
5.189178000067769622e-05
-1.961064055440860879e-03
1.960633960049077383e-03
-5.189178000129265569e-05
-1.961064055440863048e-03
1.960634033338335292e-03
-5.189178185057199131e-05
-1.961064128731589400e-03
1.960634033338346134e-03
5.189178185343181171e-05
-1.961064128731599809e-03
2.065168587483239612e-03
5.258076616123765813e-05
-2.065605364029369454e-03
2.065168587483239178e-03
-5.258076616186441507e-05
-2.065605364029370321e-03
2.065168664496607950e-03
-5.258076803115915279e-05
-2.065605441044239196e-03
2.065168664496609251e-03
5.258076803406858899e-05
-2.065605441044240931e-03
2.172427271609455625e-03
5.416008113093570629e-05
-2.172881632364872910e-03
2.172427271609457793e-03
-5.416008113158871448e-05
-2.172881632364875078e-03
2.172427352425657012e-03
-5.416008304607647497e-05
-2.172881713182660268e-03
2.172427352425668288e-03
5.416008304910349967e-05
-2.172881713182671110e-03
2.281475311654022290e-03
5.482774858007764059e-05
-2.281936353563780284e-03
2.281475311654021856e-03
-5.482774858074029140e-05
-2.281936353563780284e-03
2.281475396323647768e-03
-5.482775051405348112e-05
-2.281936438235031197e-03
2.281475396323648201e-03
5.482775051712826493e-05
-2.281936438235032064e-03
2.393162222991647610e-03
5.635741686574497633e-05
-2.393640849110683505e-03
2.393162222991648477e-03
-5.635741686642975164e-05
-2.393640849110686107e-03
2.393162311588675328e-03
-5.635741884218795208e-05
-2.393640937709451150e-03
2.393162311588685736e-03
5.635741884537364299e-05
-2.393640937709461125e-03
2.506581744855710010e-03
5.700376560346777848e-05
-2.507067052129084445e-03
2.506581744855709143e-03
-5.700376560415988572e-05
-2.507067052129083578e-03
2.506581837427607640e-03
-5.700376759757354604e-05
-2.507067144702769274e-03
2.506581837427606773e-03
5.700376760080297774e-05
-2.507067144702769708e-03
2.622554952613831598e-03
5.848378720510566896e-05
-2.623057844096465720e-03
2.622554952613833333e-03
-5.848378720581628895e-05
-2.623057844096467889e-03
2.622555049229907849e-03
-5.848378923896562008e-05
-2.623057940714482693e-03
2.622555049229918257e-03
5.848378924229761730e-05
-2.623057940714492667e-03
2.740204025506496645e-03
5.910881723141995061e-05
-2.740713598143457164e-03
2.740204025506497512e-03
-5.910881723213820744e-05
-2.740713598143457164e-03
2.740204126211116201e-03
-5.910881928176855678e-05
-2.740713698850084663e-03
2.740204126211116635e-03
5.910881928514346808e-05
-2.740713698850086397e-03
2.860321598894309449e-03
6.053919214906993432e-05
-2.860848755740503634e-03
2.860321598894312051e-03
-6.053919214980395952e-05
-2.860848755740504068e-03
2.860321703752041755e-03
-6.053919423642598594e-05
-2.860848860600443810e-03
2.860321703752050863e-03
6.053919423989901076e-05
-2.860848860600452483e-03
2.982058292024790738e-03
6.114290346398287151e-05
-2.982592130025309585e-03
2.982058292024790305e-03
-6.114290346472499435e-05
-2.982592130025312187e-03
2.982058401076895324e-03
-6.114290556665557597e-05
-2.982592239079694032e-03
2.982058401076896625e-03
6.114290557017183336e-05
-2.982592239079696634e-03
3.106178300251497514e-03
6.252363169765856198e-05
-3.106729722461266940e-03
3.106178300251500116e-03
-6.252363169841838441e-05
-3.106729722461268241e-03
3.106178413557870912e-03
-6.252363383459606664e-05
-3.106729835770086733e-03
3.106178413557880887e-03
6.252363383821667848e-05
-3.106729835770096274e-03
3.231860682829062418e-03
6.310602430118853194e-05
-3.232418786193161277e-03
3.231860682829062418e-03
-6.310602430195568630e-05
-3.232418786193161711e-03
3.231860800427809564e-03
-6.310602645226530687e-05
-3.232418903794418569e-03
3.231860800427809564e-03
6.310602645592917838e-05
-3.232418903794420303e-03
3.359841195104002962e-03
6.443710585089562799e-05
-3.360416882677354569e-03
3.359841195104003829e-03
-6.443710585168205404e-05
-3.360416882677358472e-03
3.359841317050368727e-03
-6.443710803358067740e-05
-3.360417004626397447e-03
3.359841317050378268e-03
6.443710803734914731e-05
-3.360417004626409156e-03
3.489327336337928395e-03
6.499817974301457023e-05
-3.489909705065614206e-03
3.489327336337928395e-03
-6.499817974380870766e-05
-3.489909705065614206e-03
3.489327462667076926e-03
-6.499818193874562109e-05
-3.489909831397497962e-03
3.489327462667077794e-03
6.499818194255698475e-05
-3.489909831397498396e-03
3.621026421870221761e-03
6.627961460866798910e-05
-3.621626374807155983e-03
3.621026421870223496e-03
-6.627961460947740023e-05
-3.621626374807157718e-03
3.621026552633130075e-03
-6.627961683355989067e-05
-3.621626505572972127e-03
3.621026552633139182e-03
6.627961683747148882e-05
-3.621626505572982969e-03
3.754174390969549583e-03
6.681936978935308115e-05
-3.754781025060808467e-03
3.754174390969548282e-03
-6.681936979016684264e-05
-3.754781025060807600e-03
3.754174526198638361e-03
-6.681937202626725338e-05
-3.754781160292878367e-03
3.754174526198639228e-03
6.681937203021941424e-05
-3.754781160292877933e-03
3.889450118968190793e-03
6.805115797093414746e-05
-3.890074337268697655e-03
3.889450118968193829e-03
-6.805115797176308778e-05
-3.890074337268698522e-03
3.889450258710410759e-03
-6.805116023469961648e-05
-3.890074477014066143e-03
3.889450258710419432e-03
6.805116023874829845e-05
-3.890074477014075251e-03
4.026117985141887401e-03
6.856959444016888234e-05
-4.026748884596718057e-03
4.026117985141886534e-03
-6.856959444100514103e-05
-4.026748884596718925e-03
4.026118129427101386e-03
-6.856959671500774183e-05
-4.026749028885156026e-03
4.026118129427102253e-03
6.856959671909737953e-05
-4.026749028885156026e-03
4.164828424815757851e-03
6.975173593763113803e-05
-4.165476908479823909e-03
4.164828424815760453e-03
-6.975173593848330738e-05
-4.165476908479824776e-03
4.164828573687183455e-03
-6.975173823717427586e-05
-4.165477057354675591e-03
4.164828573687192996e-03
6.975173824135563706e-05
-4.165477057354682530e-03
4.304874257272679923e-03
7.024885369541963571e-05
-4.305529422091066739e-03
4.304874257272679056e-03
-7.024885369627818831e-05
-4.305529422091066739e-03
4.304874410757768277e-03
-7.024885600512223579e-05
-4.305529575579660102e-03
4.304874410757766542e-03
7.024885600934112394e-05
-4.305529575579662704e-03
4.446877477830714354e-03
7.138134850883092472e-05
-4.447550226858345244e-03
4.446877477830719558e-03
-7.138134850970434444e-05
-4.447550226858342642e-03
4.446877635969012817e-03
-7.138135084108465894e-05
-4.447550385000344740e-03
4.446877635969024092e-03
7.138135084539495888e-05
-4.447550385000349944e-03
4.590159345779900278e-03
7.185714755520263486e-05
-4.590838775961852795e-03
4.590159345779898543e-03
-7.185714755608189571e-05
-4.590838775961856265e-03
4.590159508596383664e-03
-7.185714989668925859e-05
-4.590838938782103133e-03
4.590159508596381929e-03
7.185714990103655693e-05
-4.590838938782107470e-03
4.735313416431186952e-03
7.293999568458717556e-05
-4.736010430822407830e-03
4.735313416431188686e-03
-7.293999568547782054e-05
-4.736010430822406962e-03
4.735313583961798731e-03
-7.293999804652758498e-05
-4.736010598356916665e-03
4.735313583961809139e-03
7.293999805096499408e-05
-4.736010598356923604e-03
4.881689389081749278e-03
7.339447601955634184e-05
-4.882393084627296986e-03
4.881689389081746676e-03
-7.339447602045186573e-05
-4.882393084627299588e-03
4.881689561349071213e-03
-7.339447838983797936e-05
-4.882393256898574958e-03
4.881689561349070346e-03
7.339447839431011004e-05
-4.882393256898576693e-03
5.029852379035593297e-03
7.442767746502763665e-05
-5.030573658790385080e-03
5.029852379035593297e-03
-7.442767746592676551e-05
-5.030573658790385948e-03
5.029852556071889511e-03
-7.442767985362195031e-05
-5.030573835830803864e-03
5.029852556071895582e-03
7.442767985817229262e-05
-5.030573835830811670e-03
5.179180525596957692e-03
7.486083908863930768e-05
-5.179908486506072836e-03
5.179180525596953355e-03
-7.486083908953874825e-05
-5.179908486506074571e-03
5.179180707422362251e-03
-7.486084148465701809e-05
-5.179908668335674558e-03
5.179180707422359649e-03
7.486084148923769096e-05
-5.179908668335677160e-03
5.330210504062788193e-03
7.584439385017102404e-05
-5.330956049181158687e-03
5.330210504062789061e-03
-7.584439385107497760e-05
-5.330956049181158687e-03
5.330210690705991690e-03
-7.584439626244367618e-05
-5.330956235828741493e-03
5.330210690705996894e-03
7.584439626710348225e-05
-5.330956235828751034e-03
5.482348893744320474e-03
7.625623676239904345e-05
-5.483101120017023870e-03
5.482348893744316137e-03
-7.625623676330576172e-05
-5.483101120017027340e-03
5.482349085223147192e-03
-7.625623918122090012e-05
-5.483101311500292348e-03
5.482349085223142855e-03
7.625623918591362528e-05
-5.483101311500297552e-03
5.636103929931536236e-03
7.719014484005090734e-05
-5.636873740413523605e-03
5.636103929931538838e-03
-7.719014484096821014e-05
-5.636873740413521870e-03
5.636104126271114512e-03
-7.719014727302753837e-05
-5.636873936757684153e-03
5.636104126271124053e-03
7.719014727780449249e-05
-5.636873936757690225e-03
5.790910631942773959e-03
7.758066904093666454e-05
-5.791687123579091628e-03
5.790910631942772224e-03
-7.758066904185806020e-05
-5.791687123579094230e-03
5.790910833158502934e-03
-7.758067147956991712e-05
-5.791687324799460988e-03
5.790910833158500332e-03
7.758067148438111847e-05
-5.791687324799464458e-03
5.947248795060974987e-03
7.846493043467720700e-05
-5.948042870906557547e-03
5.947248795060974987e-03
-7.846493043560723562e-05
-5.948042870906559282e-03
5.947249001174547377e-03
-7.846493288556339425e-05
-5.948043077024909968e-03
5.947249001174555183e-03
7.846493289045806561e-05
-5.948043077024918641e-03
6.104581878611362901e-03
7.883413592417085579e-05
-6.105382635611270557e-03
6.104581878611364636e-03
-7.883413592510657647e-05
-6.105382635611272292e-03
6.104582089636170772e-03
-7.883413837997552619e-05
-6.105382846640928715e-03
6.104582089636174241e-03
7.883413838490707399e-05
-6.105382846640928715e-03
6.263361237869810930e-03
7.966875063391504826e-05
-6.264179579078924497e-03
6.263361237869813532e-03
-7.966875063485594601e-05
-6.264179579078922762e-03
6.263361453824729808e-03
-7.966875310037891680e-05
-6.264179795038922645e-03
6.263361453824740216e-03
7.966875310539957246e-05
-6.264179795038930451e-03
6.423078772168553524e-03
8.001663741200947357e-05
-6.423903794531984381e-03
6.423078772168554391e-03
-8.001663741294668503e-05
-6.423903794531980911e-03
6.423078993065243353e-03
-8.001663988272733131e-05
-6.423904015433831542e-03
6.423078993065244220e-03
8.001663988777903580e-05
-6.423904015433828940e-03
6.584157396776439165e-03
8.080160543776348245e-05
-6.585000003349105423e-03
6.584157396776440033e-03
-8.080160543870424468e-05
-6.585000003349106290e-03
6.584157622631133487e-03
-8.080160791762140845e-05
-6.585000229209155703e-03
6.584157622631142161e-03
8.080160792275501087e-05
-6.585000229209163509e-03
6.746117451032720112e-03
8.112817350443301580e-05
-6.746966738759714068e-03
6.746117451032723582e-03
-8.112817350537674603e-05
-6.746966738759710598e-03
6.746117681855405730e-03
-8.112817598792926679e-05
-6.746966969587829370e-03
6.746117681855409200e-03
8.112817599309680473e-05
-6.746966969587825033e-03
6.909353410199134231e-03
8.186349484616355608e-05
-6.910220282135347974e-03
6.909353410199134231e-03
-8.186349484711796570e-05
-6.910220282135350577e-03
6.909353646003614340e-03
-8.186349733734970071e-05
-6.910220517945465935e-03
6.909353646003622146e-03
8.186349734260148117e-05
-6.910220517945472873e-03
7.073414053622108580e-03
8.216874420144736426e-05
-7.074287606712633542e-03
7.073414053622105978e-03
-8.216874420240296651e-05
-7.074287606712634409e-03
7.073414294416617912e-03
-8.216874669561164963e-05
-7.074287847512880471e-03
7.073414294416617044e-03
8.216874670089210724e-05
-7.074287847512878737e-03
7.238665416556365820e-03
8.285441885920364518e-05
-7.239556553856088886e-03
7.238665416556368422e-03
-8.285441886015604902e-05
-7.239556553856085416e-03
7.238665662352053443e-03
-8.285442135959936898e-05
-7.239556799657784723e-03
7.238665662352060381e-03
8.285442136494786027e-05
-7.239556799657789928e-03
7.404684718355267550e-03
8.313834950306474335e-05
-7.405582536809306171e-03
7.404684718355269285e-03
-8.313834950401714720e-05
-7.405582536809307038e-03
7.404684969158865926e-03
-8.313835200587579854e-05
-7.405582787618996896e-03
7.404684969158868528e-03
8.313835201125158462e-05
-7.405582787618994293e-03
7.571809554266353826e-03
8.377437747674925446e-05
-7.572724956929643460e-03
7.571809554266352958e-03
-8.377437747769967964e-05
-7.572724956929644327e-03
7.571809810086967650e-03
-8.377437998457539523e-05
-7.572725212756490146e-03
7.571809810086974589e-03
8.377437999000371090e-05
-7.572725212756494483e-03
7.739645583650166250e-03
8.403698940918658553e-05
-7.740567667467787918e-03
7.739645583650172321e-03
-8.403698941014037173e-05
-7.740567667467786184e-03
7.739645844493081225e-03
-8.403699191890128450e-05
-7.740567928316995604e-03
7.739645844493086430e-03
8.403699192435507893e-05
-7.740567928316993869e-03
7.908501961747240946e-03
8.462337069886646606e-05
-7.909441629774105822e-03
7.908501961747246151e-03
-8.462337069983220559e-05
-7.909441629774105822e-03
7.908502227619317038e-03
-8.462337321231771874e-05
-7.909441895652648963e-03
7.908502227619327446e-03
8.462337321783427492e-05
-7.909441895652652432e-03
8.078012787925159879e-03
8.486466391989560187e-05
-8.078959137106371535e-03
8.078012787925161614e-03
-8.486466392086535295e-05
-8.078959137106371535e-03
8.078013058830282866e-03
-8.486466643470591553e-05
-8.078959408017985858e-03
8.078013058830284601e-03
8.486466644024785559e-05
-8.078959408017985858e-03
8.248458777417319934e-03
8.540139852555622864e-05
-8.249422710807821635e-03
8.248458777417318200e-03
-8.540139852653615767e-05
-8.249422710807823370e-03
8.248459053360414697e-03
-8.540140104293902879e-05
-8.249422986757492735e-03
8.248459053360419901e-03
8.540140104854908386e-05
-8.249422986757501408e-03
8.419502469598489150e-03
8.562137303520037112e-05
-8.420473084143346304e-03
8.419502469598489150e-03
-8.562137303618231948e-05
-8.420473084143344569e-03
8.419502750582022466e-03
-8.562137555339553686e-05
-8.420473365133469834e-03
8.419502750582022466e-03
8.562137555903004068e-05
-8.420473365133468099e-03
8.591396139695147219e-03
8.610846095699110653e-05
-8.592384338449349929e-03
8.591396139695152423e-03
-8.610846095798296179e-05
-8.592384338449346459e-03
8.591396425721643110e-03
-8.610846347631728487e-05
-8.592384624482413483e-03
8.591396425721650049e-03
8.610846348200181107e-05
-8.592384624482413483e-03
8.763830767089119886e-03
8.630711675527616812e-05
-8.764825646997676314e-03
8.763830767089118151e-03
-8.630711675626954126e-05
-8.764825646997676314e-03
8.763831058159326018e-03
-8.630711927481956637e-05
-8.764825938074457048e-03
8.763831058159326018e-03
8.630711928052104678e-05
-8.764825938074455314e-03
8.937030186999747605e-03
8.674455799310774168e-05
-8.938042651117607956e-03
8.937030186999745870e-03
-8.674455799409286133e-05
-8.938042651117606222e-03
8.937030483113962351e-03
-8.674456051261144457e-05
-8.938042947238461489e-03
8.937030483113967555e-03
8.674456051833558481e-05
-8.938042947238458019e-03
9.110713818815811479e-03
8.692189508000638693e-05
-9.111732964088029019e-03
9.110713818815809745e-03
-8.692189508098218244e-05
-9.111732964088027284e-03
9.110714119973649730e-03
-8.692189759929651554e-05
-9.111733265252506056e-03
9.110714119973647995e-03
8.692189760502190261e-05
-9.111733265252504321e-03
9.285077057749687932e-03
8.730968963391774859e-05
-9.286113787231277047e-03
9.285077057749689666e-03
-8.730968963487669831e-05
-9.286113787231273578e-03
9.285077363949852114e-03
-8.730969215226399790e-05
-9.286114093438012362e-03
9.285077363949855583e-03
8.730969215800385907e-05
-9.286114093438014097e-03
9.459867763197224444e-03
8.746570800942036876e-05
-9.460911173833198504e-03
9.459867763197224444e-03
-8.746570801037927782e-05
-9.460911173833203708e-03
9.459868074438368413e-03
-8.746571052723461361e-05
-9.460911485080868502e-03
9.459868074438368413e-03
8.746571053298724126e-05
-9.460911485080873706e-03
9.635252890363555853e-03
8.780385587922494089e-05
-9.636313885208951796e-03
9.635252890363557587e-03
-8.780385588019028740e-05
-9.636313885208948327e-03
9.635253206643381099e-03
-8.780385839560906887e-05
-9.636314201495160825e-03
9.635253206643381099e-03
8.780385840139927768e-05
-9.636314201495164294e-03
9.811008738651502345e-03
8.793855554324269915e-05
-9.812076414651288436e-03
9.811008738651504080e-03
-8.793855554421339891e-05
-9.812076414651291906e-03
9.811009059968256799e-03
-8.793855805896828273e-05
-9.812076735974371161e-03
9.811009059968256799e-03
8.793855806477494431e-05
-9.812076735974372896e-03
9.987273823258957170e-03
8.822705672882581382e-05
-9.988359083468175553e-03
9.987273823258957170e-03
-8.822705672981692368e-05
-9.988359083468179023e-03
9.987274149609960683e-03
-8.822705924295495036e-05
-9.988359409825319987e-03
9.987274149609964152e-03
8.822705924879923375e-05
-9.988359409825323457e-03
1.016385288359586934e-02
8.834043768133469511e-05
-1.016494482495951431e-02
1.016385288359586761e-02
-8.834043768232588629e-05
-1.016494482495950737e-02
1.016385321497929872e-02
-8.834044019479387602e-05
-1.016494515634896664e-02
1.016385321497929525e-02
8.834044020064523383e-05
-1.016494515634896317e-02
1.034085599485283502e-02
8.857929218262185407e-05
-1.034196552042599727e-02
1.034085599485283849e-02
-8.857929218361472576e-05
-1.034196552042599727e-02
1.034085633126624257e-02
-8.857929469469707801e-05
-1.034196585684506696e-02
1.034085633126624604e-02
8.857929470055949468e-05
-1.034196585684506696e-02
1.051811633644703439e-02
8.867135442357479045e-05
-1.051923254317462496e-02
1.051811633644703266e-02
-8.867135442456888187e-05
-1.051923254317462322e-02
1.051811667788895427e-02
-8.867135693516223183e-05
-1.051923288462206993e-02
1.051811667788895080e-02
8.867135694103005597e-05
-1.051923288462206993e-02
1.069571554356172488e-02
8.886056224056028809e-05
-1.069684933449884835e-02
1.069571554356172835e-02
-8.886056224156561455e-05
-1.069684933449885182e-02
1.069571589003061492e-02
-8.886056475122702499e-05
-1.069684968097288531e-02
1.069571589003061839e-02
8.886056475711757671e-05
-1.069684968097288878e-02
1.087351523562157807e-02
8.893130577004741742e-05
-1.087465570771312118e-02
1.087351523562157460e-02
-8.893130577105676899e-05
-1.087465570771312118e-02
1.087351558711634539e-02
-8.893130828034366889e-05
-1.087465605921292093e-02
1.087351558711634712e-02
8.893130828624319238e-05
-1.087465605921291920e-02
1.105156860780302092e-02
8.907086690306785786e-05
-1.105272666410399805e-02
1.105156860780302439e-02
-8.907086690407197815e-05
-1.105272666410399458e-02
1.105156896432217713e-02
-8.907086941249193644e-05
-1.105272702062794037e-02
1.105156896432218233e-02
8.907086941840596113e-05
-1.105272702062793863e-02
1.122976571953779833e-02
8.912029172117918248e-05
-1.123093045699314653e-02
1.122976571953779312e-02
-8.912029172218051095e-05
-1.123093045699315173e-02
1.122976608108037372e-02
-8.912029423028365181e-05
-1.123093081854043863e-02
1.122976608108037372e-02
8.912029423620243345e-05
-1.123093081854044384e-02
1.140813132599536282e-02
8.921020617027633460e-05
-1.140931364766002015e-02
1.140813132599536109e-02
-8.921020617127798833e-05
-1.140931364766002362e-02
1.140813169256019513e-02
-8.921020867878208039e-05
-1.140931401422954489e-02
1.140813169256019860e-02
8.921020868471244943e-05
-1.140931401422954662e-02
1.158658392661447711e-02
8.923831227704003021e-05
-1.158777292943348643e-02
1.158658392661448058e-02
-8.923831227804371682e-05
-1.158777292943348469e-02
1.158658429820100082e-02
-8.923831478535238144e-05
-1.158777330102471123e-02
1.158658429820100429e-02
8.923831479129010950e-05
-1.158777330102471297e-02
1.176511983655769734e-02
8.927858004232034912e-05
-1.176632642358605395e-02
1.176511983655770428e-02
-8.927858004333994639e-05
-1.176632642358604874e-02
1.176512021316534345e-02
-8.927858255039653401e-05
-1.176632680019834218e-02
1.176512021316535213e-02
8.927858255634561909e-05
-1.176632680019833524e-02
1.194368599527087342e-02
8.928536743778420193e-05
-1.194489926345358374e-02
1.194368599527087862e-02
-8.928536743881446505e-05
-1.194489926345358548e-02
1.194368637689957255e-02
-8.928536994585371898e-05
-1.194489964508690764e-02
1.194368637689957255e-02
8.928536995181140992e-05
-1.194489964508691458e-02
