5.986008644345656040e-10
8.969013229495321748e-09
-1.189711749431572815e-09
5.986008644093667874e-10
-8.969013229469604703e-09
-1.189711749406363038e-09
5.986008644212856328e-10
-8.969013229011335063e-09
-1.189711749330762245e-09
5.986008644065344176e-10
8.969013228996291956e-09
-1.189711749316022507e-09
2.389070334641468330e-09
1.787802992188417909e-08
-3.571291896468814526e-09
2.389070334601973351e-09
-1.787802992183019397e-08
-3.571291896429296386e-09
2.389070334553620094e-09
-1.787802992091972620e-08
-3.571291896205906749e-09
2.389070334530497087e-09
1.787802992088814113e-08
-3.571291896182807317e-09
5.363409289937650157e-09
2.672705634110030652e-08
-7.136741736762007493e-09
5.363409289890053357e-09
-2.672705634101662893e-08
-7.136741736714369334e-09
5.363409289713505717e-09
-2.672705633965913290e-08
-7.136741736275270432e-09
5.363409289685637175e-09
2.672705633961016381e-08
-7.136741736247439940e-09
9.513618985479336689e-09
3.551608937211489177e-08
-1.187806231730071302e-08
9.513618985427126703e-09
-3.551608937200066806e-08
-1.187806231724844017e-08
9.513618985057142050e-09
-3.551608937020086863e-08
-1.187806231652838276e-08
9.513618985026585998e-09
3.551608937013401920e-08
-1.187806231649787634e-08
1.483169993234301377e-08
4.424512592929403451e-08
-1.778725394099472599e-08
1.483169993228822298e-08
-4.424512592914880807e-08
-1.778725394093988060e-08
1.483169993166124985e-08
-4.424512592691108599e-08
-1.778725393987528592e-08
1.483169993162921480e-08
4.424512592682609814e-08
-1.778725393984333359e-08
2.130965300984371280e-08
5.291417215002780749e-08
-2.485631790349242747e-08
2.130965300978749099e-08
-5.291417214985134009e-08
-2.485631790343617588e-08
2.130965300884119967e-08
-5.291417214717987096e-08
-2.485631790196470098e-08
2.130965300880839038e-08
5.291417214707663882e-08
-2.485631790193200088e-08
2.893947946554395131e-08
6.152322498255965448e-08
-3.307725524418963039e-08
2.893947946548689239e-08
-6.152322498235187994e-08
-3.307725524413260786e-08
2.893947946415993256e-08
-6.152322497925062762e-08
-3.307725524219289580e-08
2.893947946412665343e-08
6.152322497912917104e-08
-3.307725524215980857e-08
3.771317981811224714e-08
7.007228140452786831e-08
-4.244206627358820586e-08
3.771317981805470846e-08
-7.007228140428871386e-08
-4.244206627353082599e-08
3.771317981628646101e-08
-7.007228140076186719e-08
-4.244206627106220141e-08
3.771317981625291056e-08
7.007228140062215969e-08
-4.244206627102894875e-08
4.762275494686328097e-08
7.856134742677846296e-08
-5.294275228733614784e-08
4.762275494680539156e-08
-7.856134742650787564e-08
-5.294275228727864886e-08
4.762275494453599839e-08
-7.856134742255964331e-08
-5.294275228422113124e-08
4.762275494450218987e-08
7.856134742240165843e-08
-5.294275228418785211e-08
5.866020609176654696e-08
8.699042006082714485e-08
-6.457131431723652713e-08
5.866020609170858476e-08
-8.699042006052500556e-08
-6.457131431717879654e-08
5.866020608887853519e-08
-8.699042005615946392e-08
-6.457131431347326562e-08
5.866020608884472666e-08
8.699042005598312225e-08
-6.457131431343980782e-08
7.081753377908317604e-08
9.535949634758423127e-08
-7.731975268138359135e-08
7.081753377902524692e-08
-9.535949634725065911e-08
-7.731975268132578135e-08
7.081753377557581112e-08
-9.535949634247177863e-08
-7.731975267691337497e-08
7.081753377554199598e-08
9.535949634227715957e-08
-7.731975267687990393e-08
8.408673888812786872e-08
1.036685821713516476e-07
-9.118006867542532454e-08
8.408673888806984697e-08
-1.036685821709867617e-07
-9.118006867536743513e-08
8.408673888394304951e-08
-1.036685821657984599e-07
-9.118006867018997271e-08
8.408673888390907555e-08
1.036685821655856164e-07
-9.118006867015658108e-08
9.845982265127746474e-08
1.119176746069173100e-07
-1.061442633235720537e-07
9.845982265121941652e-08
-1.119176746065210177e-07
-1.061442633235141643e-07
9.845982264635757975e-08
-1.119176746009270003e-07
-1.061442633175139682e-07
9.845982264632361902e-08
1.119176746006958927e-07
-1.061442633174804972e-07
1.139287856023857329e-07
1.201067707584634145e-07
-1.222043369515107041e-07
1.139287856023276715e-07
-1.201067707580359011e-07
-1.222043369514529470e-07
1.139287855966736868e-07
-1.201067707520400196e-07
-1.222043369445727896e-07
1.139287855966396070e-07
1.201067707517907802e-07
-1.222043369445392259e-07
1.304856286207673606e-07
1.282358763837478378e-07
-1.393522908548891869e-07
1.304856286207091535e-07
-1.282358763832891960e-07
-1.393522908548316681e-07
1.304856286142065875e-07
-1.282358763768953678e-07
-1.393522908470149834e-07
1.304856286141720973e-07
1.282358763766279965e-07
-1.393522908469812609e-07
1.481223529312063576e-07
1.363049886208301631e-07
-1.575801260503249994e-07
1.481223529311485476e-07
-1.363049886203405515e-07
-1.575801260502678777e-07
1.481223529237403709e-07
-1.363049886135528001e-07
-1.575801260414584703e-07
1.481223529237064367e-07
1.363049886132674559e-07
-1.575801260414251978e-07
1.668309590751493225e-07
1.443141046371649020e-07
-1.768798428710980952e-07
1.668309590750917508e-07
-1.443141046366445326e-07
-1.768798428710413175e-07
1.668309590667226947e-07
-1.443141046294667754e-07
-1.768798428611836804e-07
1.668309590666889192e-07
1.443141046291636170e-07
-1.768798428611506991e-07
1.866034479319108634e-07
1.522632300639657367e-07
-1.972434426128563722e-07
1.866034479318533181e-07
-1.522632300634146623e-07
-1.972434426127998857e-07
1.866034479224686695e-07
-1.522632300558511081e-07
-1.972434426018390676e-07
1.866034479224347353e-07
1.522632300555301620e-07
-1.972434426018062715e-07
2.074318207186822397e-07
1.601523621025645527e-07
-2.186629262846251198e-07
2.074318207186249856e-07
-1.601523621019829057e-07
-2.186629262845686068e-07
2.074318207081700579e-07
-1.601523620940374191e-07
-2.186629262724500800e-07
2.074318207081364413e-07
1.601523620936987118e-07
-2.186629262724176810e-07
2.293080779845028666e-07
1.679814979836879260e-07
-2.411302942272760892e-07
2.293080779844456124e-07
-1.679814979830757858e-07
-2.411302942272197615e-07
2.293080779728668573e-07
-1.679814979747523901e-07
-2.411302942138896334e-07
2.293080779728331084e-07
1.679814979743961069e-07
-2.411302942138575521e-07
2.522242206086871137e-07
1.757506432120053838e-07
-2.646375477364571518e-07
2.522242206086299919e-07
-1.757506432113627240e-07
-2.646375477364011947e-07
2.522242205958740463e-07
-1.757506432026656809e-07
-2.646375477218062876e-07
2.522242205958400591e-07
1.757506432022917952e-07
-2.646375477217745768e-07
2.761722498008335167e-07
1.834597950521210082e-07
-2.891766878136013497e-07
2.761722498007774007e-07
-1.834597950514480406e-07
-2.891766878135452338e-07
2.761722497867905045e-07
-1.834597950423808440e-07
-2.891766877976328728e-07
2.761722497867575232e-07
1.834597950419895413e-07
-2.891766877976014797e-07
3.011441661175744529e-07
1.911089507980330688e-07
-3.147397148071729990e-07
3.011441661175188663e-07
-1.911089507973298991e-07
-3.147397148071168830e-07
3.011441661022492975e-07
-1.911089507878967579e-07
-3.147397147898347110e-07
3.011441661022167397e-07
1.911089507874881968e-07
-3.147397147898036884e-07
3.271319704382241860e-07
1.986981158278670968e-07
-3.413186300128199447e-07
3.271319704381693406e-07
-1.986981158271338839e-07
-3.413186300127638817e-07
3.271319704215653243e-07
-1.986981158173388743e-07
-3.413186299940603884e-07
3.271319704215330312e-07
1.986981158169131609e-07
-3.413186299940296305e-07
3.541276639647894278e-07
2.062272874694991062e-07
-3.689054344243819226e-07
3.541276639647354294e-07
-2.062272874687361678e-07
-3.689054344243263360e-07
3.541276639467448732e-07
-2.062272874585829691e-07
-3.689054344041501700e-07
3.541276639467135859e-07
2.062272874581404473e-07
-3.689054344041197827e-07
3.821232472614940089e-07
2.136964630801997747e-07
-3.974921283979165285e-07
3.821232472614408576e-07
-2.136964630794073224e-07
-3.974921283978615773e-07
3.821232472420134687e-07
-2.136964630688998787e-07
-3.974921283761621814e-07
3.821232472419828697e-07
2.136964630684407604e-07
-3.974921283761321646e-07
4.111107212076525108e-07
2.211056479115502405e-07
-4.270707132290718195e-07
4.111107212076007359e-07
-2.211056479107285127e-07
-4.270707132290174506e-07
4.111107211866859572e-07
-2.211056478998709267e-07
-4.270707132057452203e-07
4.111107211866562581e-07
2.211056478993952648e-07
-4.270707132057151507e-07
4.410820869976792653e-07
2.284548393546984760e-07
-4.576331899040950454e-07
4.410820869976273316e-07
-2.284548393538480549e-07
-4.576331899040411000e-07
4.410820869751769351e-07
-2.284548393426436090e-07
-4.576331898791463781e-07
4.410820869751476595e-07
2.284548393421518799e-07
-4.576331898791165202e-07
4.720293452033906417e-07
2.357440348301875141e-07
-4.891715587866361820e-07
4.720293452033387080e-07
-2.357440348293084792e-07
-4.891715587865827130e-07
4.720293451793039893e-07
-2.357440348177613290e-07
-4.891715587600164775e-07
4.720293451792745549e-07
2.357440348172535857e-07
-4.891715587599869373e-07
5.039444967041013274e-07
2.429732394630544443e-07
-5.216778211723436037e-07
5.039444967040493408e-07
-2.429732394621467426e-07
-5.216778211722897113e-07
5.039444966783821249e-07
-2.429732394502612293e-07
-5.216778211440041048e-07
5.039444966783522670e-07
2.429732394497374982e-07
-5.216778211439749880e-07
5.368195426866327979e-07
2.501424507077194088e-07
-5.551439780398711750e-07
5.368195426865800701e-07
-2.501424507067829610e-07
-5.551439780398172826e-07
5.368195426592330820e-07
-2.501424506945637696e-07
-5.551439780097639183e-07
5.368195426592020594e-07
2.501424506940236802e-07
-5.551439780097359662e-07
5.706464837303943317e-07
2.572516660479973989e-07
-5.895620297604619926e-07
5.706464837303403334e-07
-2.572516660470322049e-07
-5.895620297604081001e-07
5.706464837012667745e-07
-2.572516660344832000e-07
-5.895620297285397560e-07
5.706464837012345872e-07
2.572516660339268052e-07
-5.895620297285128627e-07
6.054173207146999280e-07
2.643008904823816140e-07
-6.249239776297641132e-07
6.054173207146457179e-07
-2.643008904813875679e-07
-6.249239776297097973e-07
6.054173206837977309e-07
-2.643008904685124554e-07
-6.249239775959804159e-07
6.054173206837653319e-07
2.643008904679397552e-07
-6.249239775959539461e-07
6.411240548187788942e-07
2.712901215285643928e-07
-6.612218226188379097e-07
6.411240548187250018e-07
-2.712901215275416535e-07
-6.612218226187852878e-07
6.411240547860553645e-07
-2.712901215143430273e-07
-6.612218225831479648e-07
6.411240547860223302e-07
2.712901215137539159e-07
-6.612218225831220244e-07
6.777586866296326771e-07
2.782193567336319702e-07
-6.984475651065204469e-07
6.777586866295795257e-07
-2.782193567325808023e-07
-6.984475651064690955e-07
6.777586865950418632e-07
-2.782193567190627388e-07
-6.984475650688783027e-07
6.777586865950088289e-07
2.782193567184573749e-07
-6.984475650688526800e-07
7.153132170265761226e-07
2.850886009695335231e-07
-7.365932063884595697e-07
7.153132170265240301e-07
-2.850886009684540855e-07
-7.365932063884087477e-07
7.153132169900728142e-07
-2.850886009546201316e-07
-7.365932063488205454e-07
7.153132169900400976e-07
2.850886009539985683e-07
-7.365932063487946050e-07
7.537796471812458408e-07
2.918978518172333221e-07
-7.756507474281249652e-07
7.537796471811931130e-07
-2.918978518161256677e-07
-7.756507474280725551e-07
7.537796471427853569e-07
-2.918978518019797410e-07
-7.756507473864438503e-07
7.537796471427520050e-07
2.918978518013419782e-07
-7.756507473864180158e-07
7.931499776882361876e-07
2.986471068870903808e-07
-8.156121886119436429e-07
7.931499776881830363e-07
-2.986471068859546155e-07
-8.156121886118913386e-07
7.931499776477736355e-07
-2.986471068715002630e-07
-8.156121885681761799e-07
7.931499776477399659e-07
2.986471068708464594e-07
-8.156121885681507689e-07
8.334162094268625385e-07
3.053363709245095892e-07
-8.564695312355638711e-07
8.334162094268077990e-07
-3.053363709233458189e-07
-8.564695312355125198e-07
8.334162093843537666e-07
-3.053363709085864816e-07
-8.564695311896660145e-07
8.334162093843187206e-07
3.053363709079166902e-07
-8.564695311896413446e-07
8.745703435611664768e-07
3.119656415737268849e-07
-8.982147762548625338e-07
8.745703435611120549e-07
-3.119656415725347389e-07
-8.982147762548102295e-07
8.745703435165674392e-07
-3.119656415574748108e-07
-8.982147762067922493e-07
8.745703435165338756e-07
3.119656415567890317e-07
-8.982147762067670501e-07
9.166043806933357968e-07
3.185349165083732662e-07
-9.408399240638600787e-07
9.166043806932826455e-07
-3.185349165071532211e-07
-9.408399240638074568e-07
9.166043806466037185e-07
-3.185349164917964608e-07
-9.408399240135746972e-07
9.166043806465719548e-07
3.185349164910950646e-07
-9.408399240135487569e-07
9.595103217026859800e-07
3.250442003473094418e-07
-9.843369759582041393e-07
9.595103217026334639e-07
-3.250442003460616564e-07
-9.843369759581516232e-07
9.595103216537782976e-07
-3.250442003304122463e-07
-9.843369759056624738e-07
9.595103216537475927e-07
3.250442003296952329e-07
-9.843369759056351570e-07
1.003280167745666971e-06
3.314934907980431224e-07
-1.028697932886179537e-06
1.003280167745614878e-06
-3.314934907967672790e-07
-1.028697932886126597e-06
1.003280167694543450e-06
-3.314934907808318364e-07
-1.028697932831339236e-06
1.003280167694512534e-06
3.314934907800987823e-07
-1.028697932831311919e-06
1.047905919432059367e-06
3.378827855974780851e-07
-1.073914795249398464e-06
1.047905919432008122e-06
-3.378827855961745014e-07
-1.073914795249346372e-06
1.047905919378678080e-06
-3.378827855799564674e-07
-1.073914795192218446e-06
1.047905919378647164e-06
3.378827855792078491e-07
-1.073914795192192400e-06
1.093379577641176533e-06
3.442120892379309633e-07
-1.119979564343508978e-06
1.093379577641126770e-06
-3.442120892366001157e-07
-1.119979564343458791e-06
1.093379577585497458e-06
-3.442120892201028256e-07
-1.119979564283949433e-06
1.093379577585467388e-06
3.442120892193389607e-07
-1.119979564283924657e-06
1.139693143521877198e-06
3.504813994901820876e-07
-1.166884241109203414e-06
1.139693143521828070e-06
-3.504813994888245055e-07
-1.166884241109155557e-06
1.139693143463861158e-06
-3.504813994720511356e-07
-1.166884241047224108e-06
1.139693143463831089e-06
3.504813994712726594e-07
-1.166884241047201449e-06
1.186838617691534233e-06
3.566907141544064787e-07
-1.214620825955686980e-06
1.186838617691485740e-06
-3.566907141530226916e-07
-1.214620825955641452e-06
1.186838617631142054e-06
-3.566907141359769476e-07
-1.214620825891248949e-06
1.186838617631111561e-06
3.566907141351841248e-07
-1.214620825891228408e-06
1.234808001029462061e-06
3.628400375963766948e-07
-1.263181320178608156e-06
1.234808001029414839e-06
-3.628400375949670731e-07
-1.263181320178564322e-06
1.234808000966654780e-06
-3.628400375776525550e-07
-1.263181320111673707e-06
1.234808000966625134e-06
3.628400375768454914e-07
-1.263181320111653378e-06
1.283593294676926820e-06
3.689293676501456333e-07
-1.312557724711066263e-06
1.283593294676878539e-06
-3.689293676487101242e-07
-1.312557724711021371e-06
1.283593294611666532e-06
-3.689293676311302731e-07
-1.312557724641597915e-06
1.283593294611638156e-06
3.689293676303092334e-07
-1.312557724641576527e-06
1.333186499258892068e-06
3.749587021791601411e-07
-1.362742039969858677e-06
1.333186499258844422e-06
-3.749587021776992740e-07
-1.362742039969813573e-06
1.333186499191142138e-06
-3.749587021598573720e-07
-1.362742039897818737e-06
1.333186499191114609e-06
3.749587021590227798e-07
-1.362742039897796926e-06
1.383579615654672438e-06
3.809280454226485950e-07
-1.413726267250634513e-06
1.383579615654627969e-06
-3.809280454211626345e-07
-1.413726267250588985e-06
1.383579615584395385e-06
-3.809280454030622816e-07
-1.413726267175985500e-06
1.383579615584370610e-06
3.809280454022142428e-07
-1.413726267175963053e-06
1.434764644997943384e-06
3.868373952779356125e-07
-1.465502407478898806e-06
1.434764644997900397e-06
-3.868373952764249293e-07
-1.465502407478853278e-06
1.434764644925101727e-06
-3.868373952580692488e-07
-1.465502407401603450e-06
1.434764644925077374e-06
3.868373952572079751e-07
-1.465502407401582063e-06
1.486733587921262535e-06
3.926867496717403958e-07
-1.518062461079044065e-06
1.486733587921218913e-06
-3.926867496702053603e-07
-1.518062461078998114e-06
1.486733587845819640e-06
-3.926867496515979523e-07
-1.518062460999065097e-06
1.486733587845794017e-06
3.926867496507238143e-07
-1.518062460999045403e-06
1.539478445303944316e-06
3.984761127167472992e-07
-1.571398429346718135e-06
1.539478445303899211e-06
-3.984761127151878057e-07
-1.571398429346670489e-06
1.539478445225863548e-06
-3.984761126963324287e-07
-1.571398429264019767e-06
1.539478445225836443e-06
3.984761126954456382e-07
-1.571398429264002191e-06
1.592991218272067350e-06
4.042054823735526075e-07
-1.625502313199832400e-06
1.592991218272021399e-06
-4.042054823719684971e-07
-1.625502313199785601e-06
1.592991218191313982e-06
-4.042054823528691747e-07
-1.625502313114380963e-06
1.592991218191285818e-06
4.042054823519696786e-07
-1.625502313114364446e-06
1.647263907465783133e-06
4.098748566321480368e-07
-1.680366113070374290e-06
1.647263907465736122e-06
-4.098748566305396801e-07
-1.680366113070325585e-06
1.647263907382322223e-06
-4.098748566111996415e-07
-1.680366112982132727e-06
1.647263907382292577e-06
4.098748566102874399e-07
-1.680366112982117692e-06
1.702288513764406085e-06
4.154842394786744486e-07
-1.735981830253990379e-06
1.702288513764360345e-06
-4.154842394770414749e-07
-1.735981830253940192e-06
1.702288513678202907e-06
-4.154842394574637377e-07
-1.735981830162925443e-06
1.702288513678172626e-06
4.154842394565384601e-07
-1.735981830162909984e-06
1.758057038286423936e-06
4.210336289370003770e-07
-1.792341465660999036e-06
1.758057038286380102e-06
-4.210336289353429452e-07
-1.792341465660951179e-06
1.758057038197444184e-06
-4.210336289155302623e-07
-1.792341465567080658e-06
1.758057038197413267e-06
4.210336289145916439e-07
-1.792341465567064776e-06
1.814561481679580135e-06
4.265230230603881993e-07
-1.849437019730979648e-06
1.814561481679537783e-06
-4.265230230587067331e-07
-1.849437019730932214e-06
1.814561481587789927e-06
-4.265230230386625983e-07
-1.849437019634173311e-06
1.814561481587758587e-06
4.265230230377107980e-07
-1.849437019634156794e-06
1.871793844823190163e-06
4.319524257084341195e-07
-1.907260493759580483e-06
1.871793844823147811e-06
-4.319524257067285657e-07
-1.907260493759531779e-06
1.871793844728554772e-06
-4.319524256864568438e-07
-1.907260493659852518e-06
1.871793844728523855e-06
4.319524256854917027e-07
-1.907260493659835577e-06
1.929746128828147886e-06
4.373218349682782327e-07
-1.965803888649529013e-06
1.929746128828105111e-06
-4.373218349665483797e-07
-1.965803888649479462e-06
1.929746128730632371e-06
-4.373218349460542587e-07
-1.965803888546847868e-06
1.929746128730604842e-06
4.373218349450755121e-07
-1.965803888546828386e-06
1.988410334349788075e-06
4.426312489564568600e-07
-2.025059204847994039e-06
1.988410334349747418e-06
-4.426312489547030782e-07
-2.025059204847945335e-06
1.988410334249361731e-06
-4.426312489339896816e-07
-2.025059204742326679e-06
1.988410334249337591e-06
4.426312489329975413e-07
-2.025059204742305927e-06
2.047778462267424941e-06
4.478806714060216532e-07
-2.085018443650621288e-06
2.047778462267390213e-06
-4.478806714042446310e-07
-2.085018443650578513e-06
2.047778462164057699e-06
-4.478806713833149762e-07
-2.085018443541936797e-06
2.047778462164037370e-06
4.478806713823097069e-07
-2.085018443541918585e-06
2.107842513684370769e-06
4.530701004673855924e-07
-2.145673605952554959e-06
2.107842513684332653e-06
-4.530701004655858591e-07
-2.145673605952509219e-06
2.107842513578024935e-06
-4.530701004444426992e-07
-2.145673605840820301e-06
2.107842513578002066e-06
4.530701004434251479e-07
-2.145673605840797855e-06
2.168594489263544240e-06
4.581995343203558186e-07
-2.207016692208549454e-06
2.168594489263506123e-06
-4.581995343185332155e-07
-2.207016692208502021e-06
2.168594489154190592e-06
-4.581995342971812619e-07
-2.207016692093733715e-06
2.168594489154165181e-06
4.581995342961512698e-07
-2.207016692093711268e-06
2.230026389884259352e-06
4.632689765714401202e-07
-2.269039703714252409e-06
2.230026389884224624e-06
-4.632689765695948589e-07
-2.269039703714205822e-06
2.230026389771870362e-06
-4.632689765480384527e-07
-2.269039703596326788e-06
2.230026389771842833e-06
4.632689765469960198e-07
-2.269039703596307730e-06
2.292130216642233047e-06
4.682784254343241501e-07
-2.331734641357208017e-06
2.292130216642198319e-06
-4.682784254324560719e-07
-2.331734641357163548e-06
2.292130216526768480e-06
-4.682784254106983895e-07
-2.331734641236143716e-06
2.292130216526743917e-06
4.682784254096431982e-07
-2.331734641236130587e-06
2.354897970207981044e-06
4.732278791520861870e-07
-2.395093505599771110e-06
2.354897970207945892e-06
-4.732278791501960330e-07
-2.395093505599729605e-06
2.354897970089415066e-06
-4.732278791282412037e-07
-2.395093505475539329e-06
2.354897970089389232e-06
4.732278791271741539e-07
-2.395093505475533399e-06
2.418321651460819459e-06
4.781173412046898910e-07
-2.459108297737591438e-06
2.418321651460782613e-06
-4.781173412027781377e-07
-2.459108297737549510e-06
2.418321651339123695e-06
-4.781173411806306613e-07
-2.459108297610165496e-06
2.418321651339095319e-06
4.781173411795522825e-07
-2.459108297610164649e-06
2.482393261488860996e-06
4.829468098690926882e-07
-2.523771018650617852e-06
2.482393261488826267e-06
-4.829468098671593355e-07
-2.523771018650573806e-06
2.482393261364008339e-06
-4.829468098448229708e-07
-2.523771018519977420e-06
2.482393261363981234e-06
4.829468098437329452e-07
-2.523771018519970220e-06
2.547104800970224340e-06
4.877162834516461123e-07
-2.589073668808799257e-06
2.547104800970192152e-06
-4.877162834496914779e-07
-2.589073668808754364e-06
2.547104800842185145e-06
-4.877162834271706718e-07
-2.589073668674914264e-06
2.547104800842161852e-06
4.877162834260692113e-07
-2.589073668674902406e-06
2.612448270784224337e-06
4.924257653057694835e-07
-2.655008249507784132e-06
2.612448270784191727e-06
-4.924257653037938850e-07
-2.655008249507736275e-06
2.612448270652971924e-06
-4.924257652810932962e-07
-2.655008249370628322e-06
2.612448270652950748e-06
4.924257652799802949e-07
-2.655008249370607146e-06
2.678415672011382159e-06
4.970752537716926360e-07
-2.721566761619927678e-06
2.678415672011354631e-06
-4.970752537696962852e-07
-2.721566761619876856e-06
2.678415671876892385e-06
-4.970752537468197253e-07
-2.721566761479476063e-06
2.678415671876873751e-06
4.970752537456950773e-07
-2.721566761479451923e-06
2.744999005337408448e-06
5.016647472190384003e-07
-2.788741205622768216e-06
2.744999005337381342e-06
-5.016647472170215089e-07
-2.788741205622715700e-06
2.744999005199654209e-06
-5.016647471939739542e-07
-2.788741205478997926e-06
2.744999005199635998e-06
5.016647471928378713e-07
-2.788741205478970397e-06
2.812190271641613390e-06
5.061942488746826563e-07
-2.856523582811957189e-06
2.812190271641590520e-06
-5.061942488726453303e-07
-2.856523582811898320e-06
2.812190271500570123e-06
-5.061942488494309100e-07
-2.856523582664844930e-06
2.812190271500556993e-06
5.061942488482836039e-07
-2.856523582664809778e-06
2.879981471996932553e-06
5.106637571421246818e-07
-2.924905894052258265e-06
2.879981471996911801e-06
-5.106637571400672388e-07
-2.924905894052197703e-06
2.879981471852574846e-06
-5.106637571166923058e-07
-2.924905893901775239e-06
2.879981471852565952e-06
5.106637571155348353e-07
-2.924905893901739240e-06
2.948364607096665148e-06
5.150732704542616215e-07
-2.993880139828803839e-06
2.948364607096645243e-06
-5.150732704521844850e-07
-2.993880139828740311e-06
2.948364606948967590e-06
-5.150732704286539097e-07
-2.993880139674928022e-06
2.948364606948962084e-06
5.150732704274868042e-07
-2.993880139674890752e-06
3.017331677820124751e-06
5.194227919114246447e-07
-3.063438321437240272e-06
3.017331677820107387e-06
-5.194227919093282382e-07
-3.063438321437176321e-06
3.017331677669063201e-06
-5.194227918856467852e-07
-3.063438321279950489e-06
3.017331677669061507e-06
5.194227918844704682e-07
-3.063438321279914913e-06
3.086874685232651159e-06
5.237123199803869198e-07
-3.133572439734741393e-06
3.086874685232633795e-06
-5.237123199782705021e-07
-3.133572439734682101e-06
3.086874685078203595e-06
-5.237123199544451594e-07
-3.133572439574019009e-06
3.086874685078205289e-06
5.237123199532591015e-07
-3.133572439573983434e-06
3.156985630035136387e-06
5.279418531573167290e-07
-3.204274495214032824e-06
3.156985630035116058e-06
-5.279418531551812531e-07
-3.204274495213976496e-06
3.156985629877281210e-06
-5.279418531312155147e-07
-3.204274495049856663e-06
3.156985629877283327e-06
5.279418531300204570e-07
-3.204274495049822781e-06
3.227656513106895705e-06
5.321113944160008488e-07
-3.275536489170761349e-06
3.227656513106866906e-06
-5.321113944138464205e-07
-3.275536489170712221e-06
3.227656512945613432e-06
-5.321113943897452626e-07
-3.275536489003112777e-06
3.227656512945612585e-06
5.321113943885410994e-07
-3.275536489003079319e-06
3.298879335505671450e-06
5.362209422864843263e-07
-3.347350422454510113e-06
3.298879335505642651e-06
-5.362209422843111574e-07
-3.347350422454466067e-06
3.298879335340940059e-06
-5.362209422600795565e-07
-3.347350422283364988e-06
3.298879335340937518e-06
5.362209422588667112e-07
-3.347350422283335766e-06
3.370646097939952250e-06
5.402704953282066874e-07
-3.419708295565591186e-06
3.370646097939920486e-06
-5.402704953260156249e-07
-3.419708295565557305e-06
3.370646097771752259e-06
-5.402704953016588749e-07
-3.419708295390935110e-06
3.370646097771746753e-06
5.402704953004376651e-07
-3.419708295390911816e-06
3.442948801289049564e-06
5.442600563884112684e-07
-3.492602109799656860e-06
3.442948801289016106e-06
-5.442600563862030535e-07
-3.492602109799632720e-06
3.442948801117366573e-06
-5.442600563617254954e-07
-3.492602109621474586e-06
3.442948801117355985e-06
5.442600563604964506e-07
-3.492602109621455104e-06
3.515779446603116736e-06
5.481896240604170071e-07
-3.566023865998700863e-06
3.515779446603080314e-06
-5.481896240581908986e-07
-3.566023865998672064e-06
3.515779446427935500e-06
-5.481896240335964500e-07
-3.566023865816974603e-06
3.515779446427924912e-06
5.481896240323584054e-07
-3.566023865816953851e-06
3.589130034598233506e-06
5.520591969669354141e-07
-3.639965564670622988e-06
3.589130034598194542e-06
-5.520591969646918356e-07
-3.639965564670594189e-06
3.589130034419536659e-06
-5.520591969399832492e-07
-3.639965564485339613e-06
3.589130034419523953e-06
5.520591969387364167e-07
-3.639965564485318014e-06
3.662992566153712178e-06
5.558687778286654326e-07
-3.714419207111074679e-06
3.662992566153676602e-06
-5.558687778264044900e-07
-3.714419207111046303e-06
3.662992565971481933e-06
-5.558687778015851540e-07
-3.714419206922223601e-06
3.662992565971474309e-06
5.558687778003293218e-07
-3.714419206922193531e-06
3.737359042312117105e-06
5.596183653021967148e-07
-3.789376794154450508e-06
3.737359042312084917e-06
-5.596183652999190432e-07
-3.789376794154424673e-06
3.737359042126333980e-06
-5.596183652749903342e-07
-3.789376793962011822e-06
3.737359042126333557e-06
5.596183652737262434e-07
-3.789376793961984293e-06
3.812221463797118711e-06
5.633079580735128618e-07
-3.864830326316254928e-06
3.812221463797087371e-06
-5.633079580712195201e-07
-3.864830326316232058e-06
3.812221463607765766e-06
-5.633079580461836614e-07
-3.864830326120214235e-06
3.812221463607772119e-06
5.633079580449122649e-07
-3.864830326120187130e-06
3.887571831488033114e-06
5.669375587367687414e-07
-3.940771804892141080e-06
3.887571831487999233e-06
-5.669375587344596238e-07
-3.940771804892113128e-06
3.887571831295094256e-06
-5.669375587093202153e-07
-3.940771804692480168e-06
3.887571831295104420e-06
5.669375587080419367e-07
-3.940771804692452216e-06
3.963402146419821699e-06
5.705071660118270494e-07
-4.017193230708901837e-06
3.963402146419797982e-06
-5.705071660095024734e-07
-4.017193230708879814e-06
3.963402146223285492e-06
-5.705071659842614209e-07
-4.017193230505603765e-06
3.963402146223299044e-06
5.705071659829770013e-07
-4.017193230505582590e-06
4.039704409323755317e-06
5.740167786479421010e-07
-4.094086604289636575e-06
4.039704409323737529e-06
-5.740167786456032312e-07
-4.094086604289622175e-06
4.039704409123603126e-06
-5.740167786202637112e-07
-4.094086604082689485e-06
4.039704409123622607e-06
5.740167786189741036e-07
-4.094086604082675932e-06
4.116470621079147967e-06
5.774663991127245829e-07
-4.171443926929994620e-06
4.116470621079130179e-06
-5.774663991103722665e-07
-4.171443926929987844e-06
4.116470620875364545e-06
-5.774663990849374553e-07
-4.171443926719385807e-06
4.116470620875388262e-06
5.774663990836438242e-07
-4.171443926719379031e-06
4.193692782713385171e-06
5.808560261893069520e-07
-4.249257199449193832e-06
4.193692782713358913e-06
-5.808560261869426713e-07
-4.249257199449181127e-06
4.193692782505951037e-06
-5.808560261614169099e-07
-4.249257199234904661e-06
4.193692782505961202e-06
5.808560261601198907e-07
-4.249257199234897038e-06
4.271362894965310679e-06
5.841856586902193200e-07
-4.327518422377912837e-06
4.271362894965274256e-06
-5.841856586878424397e-07
-4.327518422377897590e-06
4.271362894754212281e-06
-5.841856586622304927e-07
-4.327518422159931449e-06
4.271362894754211434e-06
5.841856586609293442e-07
-4.327518422159925520e-06
4.349472958714240184e-06
5.874552989565280865e-07
-4.406219597011804349e-06
4.349472958714191056e-06
-5.874552989541378654e-07
-4.406219597011785714e-06
4.349472958499463121e-06
-5.874552989284447092e-07
-4.406219596790118886e-06
4.349472958499454651e-06
5.874552989271389020e-07
-4.406219596790109569e-06
4.428014974979943535e-06
5.906649458346386461e-07
-4.485352724162481567e-06
4.428014974979907112e-06
-5.906649458322355078e-07
-4.485352724162458697e-06
4.428014974761488655e-06
-5.906649458064641068e-07
-4.485352723937083558e-06
4.428014974761478491e-06
5.906649458051532175e-07
-4.485352723937070006e-06
4.506980944508886931e-06
5.938145982003511893e-07
-4.564909804368227777e-06
4.506980944508856438e-06
-5.938145981979358748e-07
-4.564909804368202366e-06
4.506980944286738141e-06
-5.938145981720901467e-07
-4.564909804139101129e-06
4.506980944286723741e-06
5.938145981707741752e-07
-4.564909804139089271e-06
4.586362868180382677e-06
5.969042582681879345e-07
-4.644882838924693154e-06
4.586362868180352184e-06
-5.969042582657601263e-07
-4.644882838924663508e-06
4.586362867954526424e-06
-5.969042582398452592e-07
-4.644882838691825162e-06
4.586362867954512871e-06
5.969042582385238878e-07
-4.644882838691814997e-06
4.666152747006624760e-06
5.999339249478277433e-07
-4.725263828635900632e-06
4.666152747006586643e-06
-5.999339249453864885e-07
-4.725263828635859975e-06
4.666152746777053420e-06
-5.999339249194074586e-07
-4.725263828399287061e-06
4.666152746777031397e-06
5.999339249180802638e-07
-4.725263828399273508e-06
4.746342581741648464e-06
6.029035971783420498e-07
-4.806044774047721222e-06
4.746342581741605266e-06
-6.029035971758866072e-07
-4.806044774047674635e-06
4.746342581508353568e-06
-6.029035971498481791e-07
-4.806044773807353600e-06
4.746342581508322228e-06
6.029035971485144199e-07
-4.806044773807336659e-06
4.826924373264768637e-06
6.058132770477094207e-07
-4.887217676455805943e-06
4.826924373264722050e-06
-6.058132770452390491e-07
-4.887217676455749192e-06
4.826924373027738325e-06
-6.058132770191458815e-07
-4.887217676211680883e-06
4.826924373027702750e-06
6.058132770178043931e-07
-4.887217676211648696e-06
4.907890122580576296e-06
6.086629635288786905e-07
-4.968774536656577304e-06
4.907890122580537333e-06
-6.086629635263927547e-07
-4.968774536656533259e-06
4.907890122339807181e-06
-6.086629635002508827e-07
-4.968774536408681254e-06
4.907890122339777535e-06
6.086629634989009239e-07
-4.968774536408657537e-06
4.989231830450715625e-06
6.114526556241942310e-07
-5.050707355203518600e-06
4.989231830450683437e-06
-6.114526556216942132e-07
-5.050707355203472860e-06
4.989231830206195847e-06
-6.114526555955064956e-07
-5.050707354951842241e-06
4.989231830206171284e-06
6.114526555941489135e-07
-5.050707354951815136e-06
5.070941497754498927e-06
6.141823552950904276e-07
-5.133008133392271533e-06
5.070941497754472669e-06
-6.141823552925765397e-07
-5.133008133392220711e-06
5.070941497506222559e-06
-6.141823552663472116e-07
-5.133008133136812325e-06
5.070941497506199689e-06
6.141823552649815827e-07
-5.133008133136773362e-06
5.153011125488929501e-06
6.168520615777891584e-07
-5.215668872011677667e-06
5.153011125488912561e-06
-6.168520615752606591e-07
-5.215668872011613293e-06
5.153011125236891460e-06
-6.168520615489943792e-07
-5.215668871752419517e-06
5.153011125236877907e-06
6.168520615476202800e-07
-5.215668871752382248e-06
5.235432714423235862e-06
6.194617735379075210e-07
-5.298681571622791078e-06
5.235432714423226545e-06
-6.194617735353649398e-07
-5.298681571622718233e-06
5.235432714167431912e-06
-6.194617735090639316e-07
-5.298681571359728902e-06
5.235432714167423442e-06
6.194617735076823149e-07
-5.298681571359690786e-06
5.318198265436736245e-06
6.220114930103355079e-07
-5.382038233521256856e-06
5.318198265436730315e-06
-6.220114930077791625e-07
-5.382038233521187399e-06
5.318198265177162998e-06
-6.220114929814462846e-07
-5.382038233254389808e-06
5.318198265177151139e-06
6.220114929800568329e-07
-5.382038233254351692e-06
5.401299779518842837e-06
6.245012190945663467e-07
-5.465730858488326303e-06
5.401299779518841143e-06
-6.245012190919964487e-07
-5.465730858488261081e-06
5.401299779255487588e-06
-6.245012190656371010e-07
-5.465730858217652689e-06
5.401299779255481659e-06
6.245012190642397084e-07
-5.465730858217617114e-06
5.484729257446376110e-06
6.269309509194884844e-07
-5.549751447092648837e-06
5.484729257446373569e-06
-6.269309509169057750e-07
-5.549751447092591239e-06
5.484729257179232930e-06
-6.269309508905229222e-07
-5.549751446818166116e-06
5.484729257179223612e-06
6.269309508891179063e-07
-5.549751446818134776e-06
5.568478700098649216e-06
6.293006901934476264e-07
-5.634092000629871246e-06
5.568478700098640746e-06
-6.293006901908526351e-07
-5.634092000629826353e-06
5.568478699827714716e-06
-6.293006901644503005e-07
-5.634092000351580265e-06
5.568478699827696929e-06
6.293006901630375554e-07
-5.634092000351554854e-06
5.652540108457484082e-06
6.316104360792120554e-07
-5.718744519873653720e-06
5.652540108457468835e-06
-6.316104360766061585e-07
-5.718744519873618144e-06
5.652540108182747251e-06
-6.316104360501830716e-07
-5.718744519591548549e-06
5.652540108182721840e-06
6.316104360487640797e-07
-5.718744519591537538e-06
5.736905483307289746e-06
6.338601877689407210e-07
-5.803701005400237634e-06
5.736905483307266877e-06
-6.338601877663244480e-07
-5.803701005400212223e-06
5.736905483028750585e-06
-6.338601877398838910e-07
-5.803701005114319122e-06
5.736905483028715010e-06
6.338601877384589699e-07
-5.803701005114319122e-06
5.821566825527377668e-06
6.360499468444357826e-07
-5.888953458505274011e-06
5.821566825527347175e-06
-6.360499468418090276e-07
-5.888953458505261306e-06
5.821566825245038717e-06
-6.360499468153546004e-07
-5.888953458215539615e-06
5.821566825244998907e-06
6.360499468139235383e-07
-5.888953458215549780e-06
5.906516136091975276e-06
6.381797125317352842e-07
-5.974493879954829392e-06
5.906516136091952406e-06
-6.381797125290982589e-07
-5.974493879954822615e-06
5.906516135805832300e-06
-6.381797125026328203e-07
-5.974493879661265560e-06
5.906516135805802654e-06
6.381797125011967819e-07
-5.974493879661287583e-06
5.991745415793093730e-06
6.402494840862717483e-07
-6.060314270332737107e-06
5.991745415793070860e-06
-6.402494840836254056e-07
-6.060314270332736260e-06
5.991745415503145035e-06
-6.402494840571506497e-07
-6.060314270035344686e-06
5.991745415503120471e-06
6.402494840557107996e-07
-6.060314270035371791e-06
6.077246665510042794e-06
6.422592629633035766e-07
-6.146406630934649873e-06
6.077246665510022465e-06
-6.422592629606481283e-07
-6.146406630934643944e-06
6.077246665216290074e-06
-6.422592629341661726e-07
-6.146406630633434792e-06
6.077246665216273133e-06
6.422592629327224049e-07
-6.146406630633449192e-06
6.163011886209467258e-06
6.442090484521417507e-07
-6.232762962519032110e-06
6.163011886209446082e-06
-6.442090484494781497e-07
-6.232762962519022792e-06
6.163011885911904584e-06
-6.442090484229887824e-07
-6.232762962213988440e-06
6.163011885911888490e-06
6.442090484215414149e-07
-6.232762962214000299e-06
6.249033078690958381e-06
6.460988398714895072e-07
-6.319375265677311646e-06
6.249033078690937205e-06
-6.460988398688184947e-07
-6.319375265677300635e-06
6.249033078389586599e-06
-6.460988398423245747e-07
-6.319375265368436847e-06
6.249033078389566270e-06
6.460988398408740307e-07
-6.319375265368450400e-06
6.335302243833830160e-06
6.479286385500608550e-07
-6.406235541705143740e-06
6.335302243833812373e-06
-6.479286385473824309e-07
-6.406235541705122564e-06
6.335302243528654354e-06
-6.479286385208869227e-07
-6.406235541392436116e-06
6.335302243528622166e-06
6.479286385194330965e-07
-6.406235541392446281e-06
6.421811382597130349e-06
6.496984438404405603e-07
-6.493335791353390689e-06
6.421811382597110867e-06
-6.496984438377548306e-07
-6.493335791353386454e-06
6.421811382288138659e-06
-6.496984438112566754e-07
-6.493335791036851089e-06
6.421811382288115789e-06
6.496984438097992493e-07
-6.493335791036870571e-06
6.508552495788044701e-06
6.514082551246024681e-07
-6.580668015221090915e-06
6.508552495788024373e-06
-6.514082551219107032e-07
-6.580668015221089221e-06
6.508552495475239669e-06
-6.514082550954109598e-07
-6.580668014900715103e-06
6.508552495475220187e-06
6.514082550939510986e-07
-6.580668014900743902e-06
6.595517584285887217e-06
6.530580736047166176e-07
-6.668224214603889510e-06
6.595517584285874512e-06
-6.530580736020193471e-07
-6.668224214603886122e-06
6.595517583969263761e-06
-6.530580735755185449e-07
-6.668224214279677485e-06
6.595517583969255290e-06
6.530580735740576248e-07
-6.668224214279716448e-06
6.682698649042104375e-06
6.546478986966378541e-07
-6.755996390245080533e-06
6.682698649042101833e-06
-6.546478986939327485e-07
-6.755996390245055969e-06
6.682698648721677740e-06
-6.546478986674341698e-07
-6.755996389917039919e-06
6.682698648721670964e-06
6.546478986659715556e-07
-6.755996389917056013e-06
6.770087690871494214e-06
6.561777298456151836e-07
-6.843976542751264716e-06
6.770087690871492519e-06
-6.561777298429025606e-07
-6.843976542751224058e-06
6.770087690547257625e-06
-6.561777298164083230e-07
-6.843976542419395513e-06
6.770087690547245766e-06
6.561777298149430618e-07
-6.843976542419397207e-06
6.857676710653363110e-06
6.576475681272738290e-07
-6.932156673418092232e-06
6.857676710653364804e-06
-6.576475681245532650e-07
-6.932156673418038022e-06
6.857676710325316567e-06
-6.576475680980659095e-07
-6.932156673082392746e-06
6.857676710325300473e-06
6.576475680965973661e-07
-6.932156673082392746e-06
6.945457709331568127e-06
6.590574130207396672e-07
-7.020528782981241469e-06
6.945457709331568127e-06
-6.590574130180116917e-07
-7.020528782981199117e-06
6.945457708999711629e-06
-6.590574129915324889e-07
-7.020528782641730335e-06
6.945457708999699771e-06
6.590574129900608750e-07
-7.020528782641733723e-06
7.033422687728484861e-06
6.604072640345345361e-07
-7.109084872054939841e-06
7.033422687728484014e-06
-6.604072640317997843e-07
-7.109084872054904266e-06
7.033422687392821798e-06
-6.604072640053277813e-07
-7.109084871711614518e-06
7.033422687392810786e-06
6.604072640038534146e-07
-7.109084871711621294e-06
7.121563646723422229e-06
6.616971221177397949e-07
-7.197816941934836676e-06
7.121563646723435782e-06
-6.616971221149991139e-07
-7.197816941934801948e-06
7.121563646383955141e-06
-6.616971220885328283e-07
-7.197816941587699704e-06
7.121563646383955988e-06
6.616971220870565557e-07
-7.197816941587704787e-06
7.209872587252658044e-06
6.629269868127542582e-07
-7.286716993349024334e-06
7.209872587252671597e-06
-6.629269868100079656e-07
-7.286716993348992147e-06
7.209872586909387778e-06
-6.629269867835450681e-07
-7.286716992998074020e-06
7.209872586909388625e-06
6.629269867820676309e-07
-7.286716992998084185e-06
7.298341510146158165e-06
6.640968576913712192e-07
-7.375777026919311175e-06
7.298341510146174258e-06
-6.640968576886192092e-07
-7.375777026919277294e-06
7.298341509799084720e-06
-6.640968576621591705e-07
-7.375777026564546672e-06
7.298341509799080485e-06
6.640968576606805686e-07
-7.375777026564557683e-06
7.386962416283235743e-06
6.652067355761271148e-07
-7.464989043941345679e-06
7.386962416283259460e-06
-6.652067355733699167e-07
-7.464989043941305021e-06
7.386962415932354886e-06
-6.652067355469125249e-07
-7.464989043582767833e-06
7.386962415932353192e-06
6.652067355454329701e-07
-7.464989043582775456e-06
7.475727306592565623e-06
6.662566200726916855e-07
-7.554345045135626555e-06
7.475727306592585952e-06
-6.662566200699295111e-07
-7.554345045135594368e-06
7.475727306237882435e-06
-6.662566200434770957e-07
-7.554345044773240449e-06
7.475727306237886670e-06
6.662566200419965879e-07
-7.554345044773247226e-06
7.564628181911708162e-06
6.672465108161314799e-07
-7.643837031131554968e-06
7.564628181911726797e-06
-6.672465108133649644e-07
-7.643837031131521086e-06
7.564628181553225184e-06
-6.672465107869153018e-07
-7.643837030765358908e-06
7.564628181553229419e-06
6.672465107854337353e-07
-7.643837030765362296e-06
7.653657043119984135e-06
6.681764085024391769e-07
-7.733457003224783631e-06
7.653657043120001076e-06
-6.681764084996675793e-07
-7.733457003224734503e-06
7.653657042757692897e-06
-6.681764084732210931e-07
-7.733457002854779311e-06
7.653657042757701368e-06
6.681764084717378325e-07
-7.733457002854764064e-06
7.742805891138476431e-06
6.690463128005570315e-07
-7.823196962128213370e-06
7.742805891138493371e-06
-6.690463127977805633e-07
-7.823196962128165936e-06
7.742805890772363380e-06
-6.690463127713367241e-07
-7.823196961754409260e-06
7.742805890772376932e-06
6.690463127698499695e-07
-7.823196961754377073e-06
7.832066726812330585e-06
6.698562234088229414e-07
-7.913048908478838151e-06
7.832066726812345831e-06
-6.698562234060414969e-07
-7.913048908478789023e-06
7.832066726442397415e-06
-6.698562233795996694e-07
-7.913048908101230863e-06
7.832066726442412662e-06
6.698562233781088914e-07
-7.913048908101188512e-06
7.921431551020864832e-06
6.706061408966852987e-07
-8.003004843572301372e-06
7.921431551020868220e-06
-6.706061408938989838e-07
-8.003004843572262408e-06
7.921431550647111544e-06
-6.706061408674582151e-07
-8.003004843190894294e-06
7.921431550647126791e-06
6.706061408659639431e-07
-8.003004843190850249e-06
8.010892364677556552e-06
6.712960649963585546e-07
-8.093056768113942394e-06
8.010892364677561634e-06
-6.712960649935687457e-07
-8.093056768113901736e-06
8.010892364299991616e-06
-6.712960649671263888e-07
-8.093056767728713503e-06
8.010892364300005168e-06
6.712960649656308462e-07
-8.093056767728683010e-06
8.100441168635164413e-06
6.719259954694514271e-07
-8.183196682748329352e-06
8.100441168635166107e-06
-6.719259954666578065e-07
-8.183196682748283612e-06
8.100441168253782746e-06
-6.719259954402144967e-07
-8.183196682359282037e-06
8.100441168253794604e-06
6.719259954387183189e-07
-8.183196682359258320e-06
8.190069963772991403e-06
6.724959327588691857e-07
-8.273416588771117502e-06
8.190069963773008343e-06
-6.724959327560714359e-07
-8.273416588771056516e-06
8.190069963387796393e-06
-6.724959327296265379e-07
-8.273416588378256845e-06
8.190069963387820110e-06
6.724959327281300424e-07
-8.273416588378221270e-06
8.279770750996945814e-06
6.730058766600968901e-07
-8.363708486880019522e-06
8.279770750996979695e-06
-6.730058766572964933e-07
-8.363708486879961924e-06
8.279770750607934074e-06
-6.730058766308495836e-07
-8.363708486483347216e-06
8.279770750607967956e-06
6.730058766293548880e-07
-8.363708486483311641e-06
8.369535531167368955e-06
6.734558269980167252e-07
-8.454064377727223454e-06
8.369535531167399448e-06
-6.734558269952145284e-07
-8.454064377727162468e-06
8.369535530774540485e-06
-6.734558269687655011e-07
-8.454064377326732724e-06
8.369535530774576060e-06
6.734558269672724997e-07
-8.454064377326698843e-06
8.459356305163573977e-06
6.738457840889899911e-07
-8.544476262608377779e-06
8.459356305163589224e-06
-6.738457840861846180e-07
-8.544476262608304934e-06
8.459356304766937247e-06
-6.738457840597347436e-07
-8.544476262204065236e-06
8.459356304766957576e-06
6.738457840582429069e-07
-8.544476262204031355e-06
8.549225073883845878e-06
6.741757477917727792e-07
-8.634936142213595593e-06
8.549225073883876371e-06
-6.741757477889653944e-07
-8.634936142213546465e-06
8.549225073483402581e-06
-6.741757477625173200e-07
-8.634936141805471402e-06
8.549225073483436463e-06
6.741757477610264361e-07
-8.634936141805454461e-06
8.639133838196139096e-06
6.744457179945206356e-07
-8.725436017202662826e-06
8.639133838196171283e-06
-6.744457179917128273e-07
-8.725436017202625556e-06
8.639133837791884151e-06
-6.744457179652641177e-07
-8.725436016790725293e-06
8.639133837791926503e-06
6.744457179637759866e-07
-8.725436016790723599e-06
8.729074598979761701e-06
6.746556948870509970e-07
-8.815967888871234734e-06
8.729074598979795583e-06
-6.746556948842427651e-07
-8.815967888871192382e-06
8.729074598571698497e-06
-6.746556948577922555e-07
-8.815967888455485552e-06
8.729074598571740849e-06
6.746556948563075127e-07
-8.815967888455482164e-06
8.819039357125422828e-06
6.748056783913939510e-07
-8.906523757901843469e-06
8.819039357125465180e-06
-6.748056783885870956e-07
-8.906523757901809588e-06
8.819039356713546281e-06
-6.748056783621353155e-07
-8.906523757482284333e-06
8.819039356713593715e-06
6.748056783606536431e-07
-8.906523757482274169e-06
8.909020113508656167e-06
6.748956684589753346e-07
-8.997095624961850822e-06
8.909020113508695130e-06
-6.748956684561696438e-07
-8.997095624961822023e-06
8.909020113092961196e-06
-6.748956684297165931e-07
-8.997095624538478344e-06
8.909020113093008629e-06
6.748956684282376736e-07
-8.997095624538468180e-06
8.999008869008763011e-06
6.749256651530672383e-07
-9.087675491346905275e-06
8.999008869008812139e-06
-6.749256651502627122e-07
-9.087675491346884946e-06
8.999008868589251309e-06
-6.749256651238084969e-07
-9.087675490919714372e-06
8.999008868589312296e-06
6.749256651223328596e-07
-9.087675490919714372e-06
