1.676495600990301154e-13
1.115499198368527977e-09
-1.676495600990300397e-13
-1.676495600990304183e-13
1.115499198368524255e-09
1.676495600990304688e-13
-1.676495600990142625e-13
1.115499198368209926e-09
1.676495600990142372e-13
1.676495600990143382e-13
1.115499198368208065e-09
-1.676495600990142877e-13
3.756123900389606797e-14
1.539359145146232466e-09
-3.756123900389615632e-14
-3.756123900389585971e-14
1.539359145146226056e-09
3.756123900389583447e-14
-3.756123900389237610e-14
1.539359145145792613e-09
3.756123900389234455e-14
3.756123900389244552e-14
1.539359145145788891e-09
-3.756123900389240766e-14
1.676507914951879707e-13
2.654862339979445133e-09
-1.676507914951879202e-13
-1.676507914951886018e-13
2.654862339979434380e-09
1.676507914951885261e-13
-1.676507914951721430e-13
2.654862339978683714e-09
1.676507914951721430e-13
1.676507914951722692e-13
2.654862339978677510e-09
-1.676507914951722187e-13
3.756150291850713491e-14
3.078721676228809898e-09
-3.756150291850705918e-14
-3.756150291850662373e-14
3.078721676228797490e-09
3.756150291850667421e-14
-3.756150291850334206e-14
3.078721676227926469e-09
3.756150291850333575e-14
3.756150291850314643e-14
3.078721676227919438e-09
-3.756150291850320954e-14
1.676507915038398185e-13
4.194224871090105347e-09
-1.676507915038397932e-13
-1.676507915038409039e-13
4.194224871090085494e-09
1.676507915038407777e-13
-1.676507915038239908e-13
4.194224871088899317e-09
1.676507915038238646e-13
1.676507915038241675e-13
4.194224871088885255e-09
-1.676507915038241170e-13
3.756150292036176583e-14
4.618084207335179525e-09
-3.756150292036181000e-14
-3.756150292036061094e-14
4.618084207335159673e-09
3.756150292036052258e-14
-3.756150292035757540e-14
4.618084207333849419e-09
3.756150292035752491e-14
3.756150292035728510e-14
4.618084207333836184e-09
-3.756150292035736083e-14
1.676507915038393893e-13
5.733587402196465875e-09
-1.676507915038396923e-13
-1.676507915038399699e-13
5.733587402196452640e-09
1.676507915038399952e-13
-1.676507915038233597e-13
5.733587402194814823e-09
1.676507915038235111e-13
1.676507915038237888e-13
5.733587402194804069e-09
-1.676507915038240413e-13
3.756150292036114105e-14
6.157446738441538399e-09
-3.756150292036136193e-14
-3.756150292036064880e-14
6.157446738441525164e-09
3.756150292036044685e-14
-3.756150292035743025e-14
6.157446738439764924e-09
3.756150292035737345e-14
3.756150292035749336e-14
6.157446738439752516e-09
-3.756150292035739238e-14
1.676507915038397680e-13
7.272949933302828885e-09
-1.676507915038391117e-13
-1.676507915038395408e-13
7.272949933302806551e-09
1.676507915038397680e-13
-1.676507915038227538e-13
7.272949933300735291e-09
1.676507915038229305e-13
1.676507915038237888e-13
7.272949933300712957e-09
-1.676507915038237383e-13
3.756150292036128620e-14
7.696809269547899755e-09
-3.756150292036122309e-14
-3.756150292036051627e-14
7.696809269547881557e-09
3.756150292036062987e-14
-3.756150292035772686e-14
7.696809269545681256e-09
3.756150292035765113e-14
3.756150292035698218e-14
7.696809269545661404e-09
-3.756150292035711470e-14
1.676507915038385058e-13
8.812312464409174524e-09
-1.676507915038387582e-13
-1.676507915038389854e-13
8.812312464409167907e-09
1.676507915038390359e-13
-1.676507915038229305e-13
8.812312464406645006e-09
1.676507915038232082e-13
1.676507915038234354e-13
8.812312464406630117e-09
-1.676507915038234102e-13
3.756150292036078764e-14
9.236171800654247876e-09
-3.756150292036101483e-14
-3.756150292036047210e-14
9.236171800654232986e-09
3.756150292036062987e-14
-3.756150292035757540e-14
9.236171800651594280e-09
3.756150292035731034e-14
3.756150292035715888e-14
9.236171800651579391e-09
-3.756150292035711470e-14
1.676507915038381524e-13
1.035167499551553423e-08
-1.676507915038380262e-13
-1.676507915038389602e-13
1.035167499551550610e-08
1.676507915038384301e-13
-1.676507915038216936e-13
1.035167499551256465e-08
1.676507915038216936e-13
1.676507915038227286e-13
1.035167499551253321e-08
-1.676507915038229305e-13
3.756150292036121678e-14
1.077553433176060096e-08
-3.756150292036100221e-14
-3.756150292036049103e-14
1.077553433176058111e-08
3.756150292035976528e-14
-3.756150292035785939e-14
1.077553433175750400e-08
3.756150292035772686e-14
3.756150292035645206e-14
1.077553433175748249e-08
-3.756150292035679285e-14
1.676507915038376475e-13
1.189103752662187738e-08
-1.676507915038370417e-13
-1.676507915038389097e-13
1.189103752662185588e-08
1.676507915038381524e-13
-1.676507915038216179e-13
1.189103752661845947e-08
1.676507915038218956e-13
1.676507915038214412e-13
1.189103752661844458e-08
-1.676507915038217441e-13
3.756150292036074978e-14
1.231489686286694908e-08
-3.756150292036093279e-14
-3.756150292036007451e-14
1.231489686286692426e-08
3.756150292035984732e-14
-3.756150292035677392e-14
1.231489686286340213e-08
3.756150292035705791e-14
3.756150292035718412e-14
1.231489686286339055e-08
-3.756150292035688120e-14
1.676507915038344921e-13
1.343040005772820896e-08
-1.676507915038353756e-13
-1.676507915038373194e-13
1.343040005772817753e-08
1.676507915038372941e-13
-1.676507915038213654e-13
1.343040005772437084e-08
1.676507915038211635e-13
1.676507915038216684e-13
1.343040005772434934e-08
-1.676507915038216179e-13
3.756150292036090124e-14
1.385425939397326246e-08
-3.756150292036100852e-14
-3.756150292035974634e-14
1.385425939397322772e-08
3.756150292036004296e-14
-3.756150292035773317e-14
1.385425939396931846e-08
3.756150292035745549e-14
3.756150292035678023e-14
1.385425939396929861e-08
-3.756150292035647730e-14
1.676507915038345931e-13
1.496976258883450910e-08
-1.676507915038339115e-13
-1.676507915038363854e-13
1.496976258883447271e-08
1.676507915038365116e-13
-1.676507915038219965e-13
1.496976258883029048e-08
1.676507915038218956e-13
1.676507915038219208e-13
1.496976258883027063e-08
-1.676507915038220975e-13
3.756150292036117260e-14
1.539362192507956260e-08
-3.756150292036107163e-14
-3.756150292035899535e-14
1.539362192507951959e-08
3.756150292035869243e-14
-3.756150292035772686e-14
1.539362192507525134e-08
3.756150292035768268e-14
3.756150292035727248e-14
1.539362192507522156e-08
-3.756150292035719675e-14
1.676507915038337095e-13
1.650912511994078443e-08
-1.676507915038337853e-13
-1.676507915038355271e-13
1.650912511994075465e-08
1.676507915038348960e-13
-1.676507915038233092e-13
1.650912511993623494e-08
1.676507915038230820e-13
1.676507915038222995e-13
1.650912511993622501e-08
-1.676507915038224762e-13
3.756150292036093279e-14
1.693298445618582801e-08
-3.756150292036053521e-14
-3.756150292035893855e-14
1.693298445618580154e-08
3.756150292035946867e-14
-3.756150292035749336e-14
1.693298445618119579e-08
3.756150292035785939e-14
3.756150292035724092e-14
1.693298445618118918e-08
-3.756150292035674867e-14
1.676507915038329017e-13
1.804848765104704984e-08
-1.676507915038321444e-13
-1.676507915038353756e-13
1.804848765104702337e-08
1.676507915038355271e-13
-1.676507915038239403e-13
1.804848765104219594e-08
1.676507915038237636e-13
1.676507915038225771e-13
1.804848765104219263e-08
-1.676507915038222995e-13
3.756150292036110950e-14
1.847234698729210003e-08
-3.756150292036146291e-14
-3.756150292035859776e-14
1.847234698729205701e-08
3.756150292035911526e-14
-3.756150292035702635e-14
1.847234698728716341e-08
3.756150292035697586e-14
3.756150292035782152e-14
1.847234698728715679e-08
-3.756150292035821280e-14
1.676507915038317910e-13
1.958785018215331855e-08
-1.676507915038321697e-13
-1.676507915038356028e-13
1.958785018215326561e-08
1.676507915038356028e-13
-1.676507915038246976e-13
1.958785018214816356e-08
1.676507915038243694e-13
1.676507915038224257e-13
1.958785018214817018e-08
-1.676507915038220470e-13
3.756150292036216341e-14
2.001170951839835550e-08
-3.756150292036229594e-14
-3.756150292035838319e-14
2.001170951839831580e-08
3.756150292035830746e-14
-3.756150292035712102e-14
2.001170951839312441e-08
3.756150292035710208e-14
3.756150292035898904e-14
2.001170951839313765e-08
-3.756150292035875553e-14
1.676507915038335833e-13
2.112721271325952439e-08
-1.676507915038334319e-13
-1.676507915038318415e-13
2.112721271325955748e-08
1.676507915038319425e-13
-1.676507915038259850e-13
2.112721271325410801e-08
1.676507915038256568e-13
1.676507915038208101e-13
2.112721271325418081e-08
-1.676507915038209363e-13
3.756150292035886282e-14
2.155107204950454811e-08
-3.756150292035857252e-14
-3.756150292035986625e-14
2.155107204950460436e-08
3.756150292036044685e-14
-3.756150292035548650e-14
2.155107204949906887e-08
3.756150292035559378e-14
3.756150292036016286e-14
2.155107204949915490e-08
-3.756150292035999878e-14
1.676507915038338862e-13
2.266657524436572693e-08
-1.676507915038333056e-13
-1.676507915038306803e-13
2.266657524436579310e-08
1.676507915038305541e-13
-1.676507915038250762e-13
2.266657524436010872e-08
1.676507915038247228e-13
1.676507915038240160e-13
2.266657524436017489e-08
-1.676507915038244452e-13
3.756150292035808027e-14
2.309043458061076719e-08
-3.756150292035799823e-14
-3.756150292036036481e-14
2.309043458061081682e-08
3.756150292036080657e-14
-3.756150292035760064e-14
2.309043458060510266e-08
3.756150292035743025e-14
3.756150292035910263e-14
2.309043458060513906e-08
-3.756150292035999247e-14
1.676507915038292919e-13
2.420593777547194601e-08
-1.676507915038298473e-13
-1.676507915038315891e-13
2.420593777547194601e-08
1.676507915038310337e-13
-1.676507915038241675e-13
2.420593777546617560e-08
1.676507915038254549e-13
1.676507915038245714e-13
2.420593777546617891e-08
-1.676507915038244199e-13
3.756150292035920992e-14
2.462979711171697304e-08
-3.756150292036031432e-14
-3.756150292035907739e-14
2.462979711171695650e-08
3.756150292035813076e-14
-3.756150292035761326e-14
2.462979711171115300e-08
3.756150292035706422e-14
3.756150292035772686e-14
2.462979711171115631e-08
-3.756150292035748705e-14
1.676507915038270705e-13
2.574530030657811215e-08
-1.676507915038275501e-13
-1.676507915038286608e-13
2.574530030657808899e-08
1.676507915038287870e-13
-1.676507915038248995e-13
2.574530030657220277e-08
1.676507915038249248e-13
1.676507915038226024e-13
2.574530030657220939e-08
-1.676507915038229810e-13
3.756150292035885020e-14
2.616915964282312925e-08
-3.756150292035975897e-14
-3.756150292035777104e-14
2.616915964282310940e-08
3.756150292035829484e-14
-3.756150292035764482e-14
2.616915964281718017e-08
3.756150292035759433e-14
3.756150292035786570e-14
2.616915964281719341e-08
-3.756150292035803609e-14
1.676507915038224762e-13
2.728466283768427498e-08
-1.676507915038227286e-13
-1.676507915038293929e-13
2.728466283768420550e-08
1.676507915038285346e-13
-1.676507915038244199e-13
2.728466283767823657e-08
1.676507915038235869e-13
1.676507915038219965e-13
2.728466283767823326e-08
-1.676507915038206081e-13
3.756150291943352267e-14
2.770852217392928216e-08
-3.756150291943361102e-14
-3.756150291942755888e-14
2.770852217392919944e-08
3.756150291942784287e-14
-3.756150291942848027e-14
2.770852217392321727e-08
3.756150291942949001e-14
3.756150291943143376e-14
2.770852217392321065e-08
-3.756150291943193232e-14
1.676507914953216101e-13
2.882402536880877476e-08
-1.676507914953236296e-13
-1.676507914953236296e-13
2.882402536880874829e-08
1.676507914953235791e-13
-1.676507914953238820e-13
2.882402536880273303e-08
1.676507914953230742e-13
1.676507914953228975e-13
2.882402536880273965e-08
-1.676507914953232761e-13
3.756137098725939055e-14
2.924788470502340124e-08
-3.756137098725950414e-14
-3.756137098725921384e-14
2.924788470502337808e-08
3.756137098725878470e-14
-3.756137098725964298e-14
2.924788470501737937e-08
3.756137098725946628e-14
3.756137098726025514e-14
2.924788470501737275e-08
-3.756137098725997746e-14
1.676495819852020393e-13
3.036339052590318641e-08
-1.676495819852025947e-13
-1.676495819851996664e-13
3.036339052590320626e-08
1.676495819852000955e-13
-1.676495819852034529e-13
3.036339052589720424e-08
1.676495819852029733e-13
1.676495819852029986e-13
3.036339052589721085e-08
-1.676495819852016102e-13
1.878432879094644209e-14
3.078724554299377130e-08
-1.878432879094551123e-14
-1.878432879094808923e-14
3.078724554299381100e-08
1.878432879094943976e-14
-1.878432879094592775e-14
3.078724554298779575e-08
1.878432879094700060e-14
1.878432879094778000e-14
3.078724554298782222e-08
-1.878432879094756227e-14
