1.668166063794464047e-12
2.234672834690168595e-08
-3.341254197874068001e-12
-1.668166415418095189e-12
2.234665205688156759e-08
3.341254922038063470e-12
-1.402058292702184665e-16
2.233824576428490559e-08
2.808284461491938842e-16
-1.670446187940846913e-12
2.233836761661391529e-08
3.345823257488791054e-12
-1.667647136547930091e-12
2.233798608452362125e-08
3.340214805157861188e-12
1.669185315881158914e-12
2.233812773607670214e-08
-3.343296760733475276e-12
1.853563935396719547e-13
3.084552628348710256e-08
-3.709613046820551305e-13
-1.853562967716545642e-13
3.084574294151641613e-08
3.709610967755883734e-13
-4.225148314176013922e-17
3.083207975655455189e-08
8.456069041256926040e-17
-1.858787929146058656e-13
3.083146887462450641e-08
3.720072677256092459e-13
-1.852237197714141147e-13
3.083255276245766535e-08
3.706957766674824283e-13
1.855945163081761888e-13
3.083215526180848807e-08
-3.714380940955813992e-13
