8.356420176076486711e-14
-2.299572070460789386e-08
1.626316396216661492e-10
-8.356419115130903316e-14
2.299572070460804275e-08
1.627021655266229282e-10
-8.176465119820081154e-11
4.525291585674409992e-09
2.377158134201135697e-10
-4.360391993317754976e-11
2.577855035006958924e-08
2.027995581260152313e-10
1.825083908084004715e-10
8.379478241104532324e-09
-4.932345757936207128e-12
1.231241575860581516e-11
-2.160430588125874025e-08
1.513512881137011385e-10
1.633974455297086266e-05
1.383199163184685773e-06
-3.276803852155647757e-05
1.634520628538620684e-05
-1.934941143790381429e-06
-3.277896126405312844e-05
6.624039842577463783e-06
-1.291575509601175430e-07
-1.333648079316609069e-05
6.640024416505297089e-06
-1.470592415588418609e-06
-1.336849188944128776e-05
6.624126155459080779e-06
-1.501926334707794752e-07
-1.333693723952185132e-05
6.634868966862155947e-06
1.215562314324418638e-06
-1.335823977780658632e-05
