7.231612199032579486e-09
4.765400840637715931e-08
-1.594100161034978387e-08
1.243686900978930740e-08
-6.540271074328513607e-08
-2.635151523186327278e-08
-2.501190517169607109e-09
-3.054879994134802352e-09
3.524603821949238774e-09
1.158265384589203568e-08
-4.567087866599210215e-08
-2.464308490417406253e-08
-1.621280971549065671e-09
-7.204076688276833213e-09
1.764784730708129220e-09
7.909315823506027497e-09
3.855225984200356991e-08
-1.729640885940206270e-08
3.503952797928502496e-08
9.335470445251802422e-08
-7.303460986272262088e-08
4.034207898371040522e-08
-1.291629515290893739e-07
-8.363971187157343433e-08
8.306060540471169195e-09
-7.144900841187874814e-09
-1.956767498530559886e-08
2.352202017705544938e-08
-9.413504476105091369e-08
-4.999959425847422210e-08
8.785286199453103742e-09
-1.253704088979149754e-08
-2.052612630326953413e-08
1.891115513239491523e-08
7.876134490765029445e-08
-4.077786416915318027e-08
8.091383891069402495e-08
1.382973717002903985e-07
-1.662610089378252027e-07
8.616195962420052000e-08
-1.917292172446395550e-07
-1.767572503648382193e-07
2.677917997547300850e-08
-1.137316363708246008e-08
-5.799169106769924547e-08
4.218329123667341786e-08
-1.417717059110429053e-07
-8.879991359010010390e-08
2.703381351874197130e-08
-1.769899918210680116e-08
-5.850095815423725711e-08
3.727541406169344706e-08
1.182367799881468306e-07
-7.898415924014025495e-08
1.445836133865420481e-07
1.824283044923369362e-07
-2.950783351018058573e-07
1.496393071836431050e-07
-2.531681195483848953e-07
-3.051897226960078653e-07
5.268267125167395010e-08
-1.560640069136238939e-08
-1.112764508324911132e-07
6.773705541309184789e-08
-1.888444409534217162e-07
-1.413852191553268559e-07
5.279349857817104619e-08
-2.252035794795467676e-08
-1.114981054854855304e-07
6.279405177424044393e-08
1.570859318563566846e-07
-1.314992118776241273e-07
2.256418686818689348e-07
2.258061864239860113e-07
-4.586726223843274346e-07
2.305928583327875122e-07
-3.135124088862108742e-07
-4.685746016861647483e-07
8.562913072367866605e-08
-1.977906769567862124e-08
-1.786471464684736457e-07
1.004362392961570565e-07
-2.351253912693687840e-07
-2.082613636134304002e-07
8.568514718651723055e-08
-2.714486038025759864e-08
-1.787591793941513041e-07
9.553110310033498337e-08
1.951913899413185658e-07
-1.984510912217866509e-07
3.238178484240604535e-07
2.684138775687767886e-07
-6.565023590809946304e-07
3.286754127321177697e-07
-3.727670261043501515e-07
-6.662174876971104274e-07
1.255630413705004306e-07
-2.388136857967102954e-08
-2.599927449745069476e-07
1.401124596112839332e-07
-2.806354049521229562e-07
-2.890915814560740586e-07
1.255964436756189169e-07
-3.158351512783588764e-08
-2.600595495847447143e-07
1.352781631921134627e-07
2.325875196871738949e-07
-2.794229886177337529e-07
4.388058708261599877e-07
3.102479030317799668e-07
-8.879561810974784394e-07
4.435746100860200484e-07
-4.309322006409041920e-07
-8.974936596171999373e-07
1.723592189806457624e-07
-2.791280231465202031e-08
-3.550628774071876487e-07
1.866491438795789262e-07
-3.253501768633798773e-07
-3.836427272050539233e-07
1.723826049102374691e-07
-3.586919056761773818e-08
-3.551096492663721738e-07
1.818966908301087703e-07
2.692812287261156002e-07
-3.741378211061140351e-07
5.702985194585570545e-07
3.513045437826639934e-07
-1.152419255054140059e-06
5.749781227499375021e-07
-4.880074948140206874e-07
-1.161778461636902860e-06
2.258923890501829206e-07
-3.187420311524883136e-08
-4.636069942382348538e-07
2.399178717995166753e-07
-3.692580860811525900e-07
-4.916579597369023103e-07
2.259103193481675015e-07
-4.002196468100972610e-08
-4.636428548342058155e-07
2.352515890873657699e-07
3.052799139651397208e-07
-4.823253943126015584e-07
7.179855409421178021e-07
3.915820514292996888e-07
-1.449271075233545448e-06
7.225757990916784622e-07
-5.439928649025204369e-07
-1.458451591532668886e-06
2.860329371952986802e-07
-3.576573941110577034e-08
-5.853658677408560928e-07
2.997923411465987797e-07
-4.123488037482495384e-07
-6.128846756434556566e-07
2.860471527676874428e-07
-4.405780425883394598e-08
-5.853942988856358416e-07
2.952134470738125866e-07
3.405871531734050649e-07
-6.037268874978861291e-07
8.815563965963886619e-07
4.310791320396232954e-07
-1.777890563754372544e-06
8.860570512242372862e-07
-5.988884181190399093e-07
-1.786891873010069792e-06
3.526521336955855536e-07
-3.958715693821864384e-08
-7.200820379538199302e-07
3.661445309715294162e-07
-4.546158062370951730e-07
-7.470668325057067023e-07
3.526634270043004127e-07
-4.798803185121146593e-08
-7.201046245712519776e-07
3.616534366560073068e-07
3.752054943743479538e-07
-7.380846438746650248e-07
1.060700200523250103e-06
4.697950895257635256e-07
-2.137655948299963335e-06
1.065111079637353789e-06
-6.526945283683767107e-07
-2.146477706528169437e-06
4.256216484748312828e-07
-4.333766905297388825e-08
-8.674988442042849656e-07
4.388464245507270982e-07
-4.960549484619839991e-07
-8.939483963560749023e-07
4.256305419030810486e-07
-5.182042360975826243e-08
-8.675166310607870383e-07
4.344434005333365349e-07
4.091362909081974195e-07
-8.851423483212959992e-07
1.255105940543510771e-06
5.077295492559273649e-07
-2.527945205552767294e-06
1.259426914697826794e-06
-7.054116771769679038e-07
-2.536587153861399341e-06
5.048135031500982420e-07
-4.701638906266937094e-08
-1.027360330767208974e-06
5.177701401165819506e-07
-5.366634027051191366e-07
-1.053273604700174909e-06
5.048204243724128512e-07
-5.556067204201646553e-08
-1.027374173211839887e-06
5.134554454147829159e-07
4.423803683975131772e-07
-1.044644215296579381e-06
1.464462469058846378e-06
5.448822504919041687e-07
-2.948136039795721556e-06
1.468693472288228636e-06
-7.570402836191137740e-07
-2.956598046254485647e-06
5.900999597669541680e-07
-5.062244129433266632e-08
-1.199411021213310599e-06
6.027880405587174345e-07
-5.764392006680267235e-07
-1.224787182796837132e-06
5.901052891475562018e-07
-5.921297725037317005e-08
-1.199421679974515937e-06
5.985619603076163702e-07
4.749382107933916295e-07
-1.216335022294637333e-06
1.688458541902631205e-06
5.812530398474642519e-07
-3.397605962175155943e-06
1.692599541670032527e-06
-8.075807090669887788e-07
-3.405887961709961975e-06
6.813535113993180930e-07
-5.415506648350431846e-08
-1.383395901170010967e-06
6.937727016981522974e-07
-6.153810118846619724e-07
-1.408234281767679164e-06
6.813575787312978694e-07
-6.278030951272248258e-08
-1.383404035833973061e-06
6.896355051419130379e-07
5.068100883474633158e-07
-1.399959888655204669e-06
1.926782866037053264e-06
6.168418599958790595e-07
-3.875732387656283530e-06
1.930833844576459026e-06
-8.570333032393660145e-07
-3.883834344735096748e-06
7.784467969309796928e-07
-5.761363692477703124e-08
-1.579060249445725846e-06
7.905968212393348845e-07
-6.534878836011863532e-07
-1.603360298062432841e-06
7.784498827633139391e-07
-6.626490487457169628e-08
-1.579066421110396032e-06
7.865487483434999414e-07
5.379961874447557310e-07
-1.595264152270767613e-06
2.179124101999958070e-06
6.516486388740389760e-07
-4.381892636794380848e-06
2.183085052184357456e-06
-9.053983028469968713e-07
-4.389814537163178772e-06
8.812525671244296967e-07
-6.099764398594550690e-08
-1.786149567045015838e-06
8.931332082825306399e-07
-6.907590951887403005e-07
-1.809910849361212642e-06
8.812548973359842038e-07
-6.966844670395148215e-08
-1.786154227468125276e-06
8.891744619528633578e-07
5.684966170003525233e-07
-1.801993356701882313e-06
2.445170860377201209e-06
6.856733251996821569e-07
-4.915463930240740329e-06
2.449041782711430514e-06
-9.526758830780568119e-07
-4.923205774909197245e-06
9.896436578350676447e-07
-6.430670308420714783e-08
-2.004409525158262135e-06
1.001254754814802109e-06
-7.271941297620783862e-07
-2.027631719117728521e-06
9.896454119318621329e-07
-7.299214887226742552e-08
-2.004413033351851958e-06
9.973854970890877326e-07
5.983114453720110101e-07
-2.019893203666302310e-06
2.724611733028552875e-06
7.189159177970403681e-07
-5.475823452755730520e-06
2.728392628185637374e-06
-9.988662258725723286e-07
-5.483385243069903754e-06
1.103492967357021323e-06
-6.754051744356565480e-08
-2.233585921414555876e-06
1.114834393392181798e-06
-7.627926228243442684e-07
-2.256268773484879368e-06
1.103494286082607020e-06
-7.623693709407840703e-08
-2.233588558865729388e-06
1.111054752382678916e-06
6.274407420150664964e-07
-2.248709491465873180e-06
3.017135294484187119e-06
7.513763841711821899e-07
-6.062348352879291796e-06
3.020826161673534635e-06
-1.043969429685059115e-06
-6.069730087257988522e-06
1.222673441979058561e-06
-7.069885725801658614e-08
-2.473424647871017583e-06
1.233745095860413885e-06
-7.975542747668673510e-07
-2.495567955633732467e-06
1.222674431667373297e-06
-7.940351195254809342e-08
-2.473426627247649174e-06
1.230055171195167188e-06
6.558845390222268543e-07
-2.488188106303238225e-06
3.322430090750988981e-06
7.830546981382466389e-07
-6.674415722104770418e-06
3.326030932803606816e-06
-1.087985562852391633e-06
-6.681617406210008629e-06
1.347058055429089506e-06
-7.378155396114077731e-08
-2.723671651463048391e-06
1.357859867863593240e-06
-8.314788654937533889e-07
-2.745275276332058825e-06
1.347058798029012176e-06
-8.249238151653278871e-08
-2.723673136662899238e-06
1.354259734497661019e-06
6.836428568684091303e-07
-2.738075009600195230e-06
3.640184662631179253e-06
8.139508719559742378e-07
-7.311402643077440360e-06
3.643695481333108798e-06
-1.130914719956629877e-06
-7.318424280481305380e-06
1.476519810542578007e-06
-7.678848086490394609e-08
-2.984072938902410508e-06
1.487051728302171526e-06
-8.645662542350678778e-07
-3.005136774421598816e-06
1.476520368058341883e-06
-8.550393664024479734e-08
-2.984074053933947154e-06
1.483541443035692011e-06
7.107157335141017046e-07
-2.998116203888646987e-06
3.970087546340496063e-06
8.440648861595255181e-07
-7.972686187708366768e-06
3.973508340386393055e-06
-1.172756934804264424e-06
-7.979527775800172610e-06
1.610931732798459230e-06
-7.971953977317971820e-08
-3.254374560626558492e-06
1.621193709287542891e-06
-8.968163093015305052e-07
-3.274898513604723697e-06
1.610932150974670493e-06
-8.843847156297894173e-08
-3.254375396978994569e-06
1.617773316105436304e-06
7.371031773057655397e-07
-3.268057727240521109e-06
4.311827260030310384e-06
8.733967240312226406e-07
-8.657643391779871155e-06
4.315158031482734777e-06
-1.213512228574247258e-06
-8.664304934684735187e-06
1.750166852837212259e-06
-8.257465874925751225e-08
-3.534322577396030503e-06
1.760158860075570745e-06
-9.282289323366263364e-07
-3.554306591872747898e-06
1.750167167250413857e-06
-9.129620006784922831e-08
-3.534323206222448946e-06
1.756828391083164265e-06
7.628051920998972811e-07
-3.547645653887947220e-06
4.665092322480726262e-06
9.019464018628298676e-07
-9.365651293892999086e-06
4.668333072725610305e-06
-1.253180656502739518e-06
-9.372132794382779031e-06
1.894098216801824986e-06
-8.535378516899564494e-08
-3.823663082537642342e-06
1.903820233730729297e-06
-9.588040743129079379e-07
-3.843107116395449694e-06
1.894098453774528409e-06
-9.407728904751996985e-08
-3.823663556483066129e-06
1.900579712758606893e-06
7.878218031610925362e-07
-3.836626074451216321e-06
5.029571253217771215e-06
9.297139059385263847e-07
-1.009608693257938347e-05
5.032721980496788012e-06
-1.291762225439930217e-06
-1.010238838713742723e-05
2.042598882962201589e-06
-8.805687706275353056e-08
-4.122142192070780239e-06
2.052050886760217304e-06
-9.885416741653174525e-07
-4.141046199666813363e-06
2.042599061702142054e-06
-9.678186241498508005e-08
-4.122142549550678109e-06
2.048900333113172734e-06
8.121530096517070829e-07
-4.134745092372734387e-06
5.404952558729625694e-06
9.566992239453147336e-07
-1.084832732029496987e-05
5.408013264574943497e-06
-1.329256937331984279e-06
-1.085444873198561903e-05
2.195541906134171035e-06
-9.068390327328751622e-08
-4.429506015106681272e-06
2.204723886229823199e-06
-1.017441684974938738e-06
-4.447869975297993224e-06
2.195542042300242078e-06
-9.941001073303809979e-08
-4.429506287438847923e-06
2.201663313543658604e-06
8.357988089328032094e-07
-4.441748829925679281e-06
5.790924748383755365e-06
9.829023729088801914e-07
-1.162174947681552708e-05
5.793895433902706276e-06
-1.365664829653993406e-06
-1.162769084785343568e-05
2.352800350782400042e-06
-9.323484207072576549e-08
-4.745500681615526943e-06
2.361712299479202132e-06
-1.045504095153906432e-06
-4.763324579009131121e-06
2.352800455632389936e-06
-1.019618072374221421e-07
-4.745500891315528752e-06
2.358741717665066969e-06
8.587592201732887775e-07
-4.757383415380881124e-06
6.187176334306272445e-06
1.008323341995758395e-06
-1.241573042587284556e-05
6.190056997646065911e-06
-1.400985898747123608e-06
-1.242149175255244435e-05
2.514247288914173874e-06
-9.570967481739846401e-08
-5.069872335091463109e-06
2.522889193495120502e-06
-1.072728873446305193e-06
-5.087156144253353823e-06
2.514247370675203519e-06
-1.044373052273904602e-07
-5.069872498613541033e-06
2.520008611564445830e-06
8.810342390847380428e-07
-5.081394980392025656e-06
6.593395818158406301e-06
1.032962121191886444e-06
-1.322964717026899410e-05
6.596186460572097127e-06
-1.435220139372016167e-06
-1.323522845509638083e-05
2.679755786062681784e-06
-9.810838704100435714e-08
-5.402367106080448693e-06
2.688127642873001118e-06
-1.099115994466591896e-06
-5.419110819701090749e-06
2.679755852293393681e-06
-1.068365449269802241e-07
-5.402367238541890275e-06
2.685337066986666680e-06
9.026238607442627490e-07
-5.413529667928432886e-06
7.009271705142362649e-06
1.056818726842415076e-06
-1.406287672144920466e-05
7.011972327574992268e-06
-1.468367580568151077e-06
-1.406827796631447576e-05
2.849198914789451913e-06
-1.004309692550384187e-07
-5.742731140746380842e-06
2.857300721250564751e-06
-1.124665460687810308e-06
-5.758934753668603130e-06
2.849198970812656160e-06
-1.091595619681825494e-07
-5.742731252792796959e-06
2.854600155877233892e-06
9.235281010539956029e-07
-5.753533622921949882e-06
7.434492503773222651e-06
1.079893149730665501e-06
-1.491479609592322593e-05
7.437103104457010434e-06
-1.500428215340193028e-06
-1.492001729729081335e-05
3.022449753135060270e-06
-1.026774118087327996e-07
-6.090710594649985211e-06
3.030281500554031799e-06
-1.149377252794753885e-06
-6.106374089487926575e-06
3.022449803150676563e-06
-1.114063825928617801e-07
-6.090710694681216102e-06
3.027670950851072987e-06
9.437469548058542606e-07
-6.101152990082016575e-06
7.868746713573106816e-06
1.102185381181457352e-06
-1.578478229221488016e-05
7.871267293599620732e-06
-1.531402036670363516e-06
-1.578982345226792494e-05
3.199381372098066086e-06
-1.048477061005635822e-07
-6.446051609267959833e-06
3.206943058904937679e-06
-1.173251353441102451e-06
-6.461174982881714029e-06
3.199381421010099669e-06
-1.135770295086472664e-07
-6.446051707092027845e-06
3.204422528625450143e-06
9.632804167131096871e-07
-6.456133922322740651e-06
8.311722837521318409e-06
1.123695436184911843e-06
-1.667221231732361308e-05
8.314153397736308152e-06
-1.561289069536296195e-06
-1.667707343775360273e-05
3.379866848561411793e-06
-1.069418461398661992e-07
-6.808500339407046526e-06
3.387158473302654583e-06
-1.196287768139791754e-06
-6.823083588889527870e-06
3.379866900193388025e-06
-1.156715271208220864e-07
-6.808500442670991365e-06
3.384727965591655986e-06
9.821285007601048465e-07
-6.818222573467528981e-06
8.763109381768795103e-06
1.144423306496655070e-06
-1.757646318303087281e-05
8.765449920585017491e-06
-1.590089307214953133e-06
-1.758114426066332097e-05
3.563779264040108529e-06
-1.089598240452218063e-07
-7.177802947576825110e-06
3.570800818802149917e-06
-1.218486480488345348e-06
-7.191846057100903652e-06
3.563779322276210068e-06
-1.176898965848268545e-07
-7.177803064049009553e-06
3.568460338398735388e-06
1.000291202108086101e-06
-7.187165096294070358e-06
9.222594844356527121e-06
1.164368984228196562e-06
-1.849691188489822275e-05
9.224845362767529778e-06
-1.617802744003051220e-06
-1.850141292172022468e-05
3.750991693746281767e-06
-1.109016309000267337e-07
-7.553705583681132034e-06
3.757743176054851694e-06
-1.239847473444878982e-06
-7.567208548298283747e-06
3.750991764186943500e-06
-1.196321619011360887e-07
-7.553705724562433478e-06
3.755492727420385694e-06
1.017768516210878544e-06
-7.562707651029336501e-06
9.689867726214662920e-06
1.183532482564451812e-06
-1.943293542582679391e-05
9.692028225026738203e-06
-1.644429403742451821e-06
-1.943725642345094787e-05
3.941377218544050340e-06
-1.127672583573094695e-07
-7.935954410489050060e-06
3.947858625154792813e-06
-1.260370748194854652e-06
-7.948917223710550253e-06
3.941377306777511574e-06
-1.214983538840450880e-07
-7.935954586955953894e-06
3.945698213146204190e-06
1.034560456035380071e-06
-7.944596399693349290e-06
1.016461653082394334e-05
1.201913793714780229e-06
-2.038391081225766788e-05
1.016668700872226064e-05
-1.669969282921745972e-06
-2.038805176805429570e-05
4.134808923970883632e-06
-1.145566944263218730e-07
-8.324295598555100912e-06
4.141020244753127477e-06
-1.280056283928744050e-06
-8.336718240119588602e-06
4.134809036996175917e-06
-1.232885064274793647e-07
-8.324295824605668540e-06
4.138949876871438046e-06
1.050667018149284852e-06
-8.332577504356197880e-06
1.064652975389616878e-05
1.219512910011017107e-06
-2.134921503509401144e-05
1.064851021183963207e-05
-1.694422380415168440e-06
-2.135317595098094819e-05
4.331159891205570252e-06
-1.162699233493606385e-07
-8.718475309716424435e-06
4.337101119252010812e-06
-1.298904055828565045e-06
-8.730357765809320801e-06
4.331160039247535766e-06
-1.250026645465281269e-07
-8.718475605800343604e-06
4.335120804322339111e-06
1.066088199879699743e-06
-8.726397135949972317e-06
1.113529589286036171e-05
1.236329842270258107e-06
-2.232822509023470024e-05
1.113718633171600577e-05
-1.717788722762702613e-06
-2.233200596794602226e-05
4.530303207923701229e-06
-1.179069267553670627e-07
-9.118239720365070656e-06
4.535974334049690053e-06
-1.316914051239389175e-06
-9.129581972617051693e-06
4.530303403002504906e-06
-1.266408883418836134e-07
-9.118240110522672927e-06
4.534084082990759182e-06
1.080824014301318381e-06
-9.125801470499189950e-06
1.163060344643686156e-05
1.252364582379324565e-06
-2.332031797460004357e-05
1.163240386529846958e-05
-1.740068314306718163e-06
-2.332391881232326637e-05
4.732111967793648565e-06
-1.194676792599561536e-07
-9.523335017317347901e-06
4.737512974563790011e-06
-1.334086233596412201e-06
-9.534137030857644344e-06
4.732112225805933808e-06
-1.282032522402685064e-07
-9.523335533341914999e-06
4.735712802998543311e-06
1.094874460940839505e-06
-9.530536687727139087e-06
1.213214090501704474e-05
1.267617121899459737e-06
-2.432487066845232294e-05
1.213385130483455737e-05
-1.761261164563758789e-06
-2.432829146808735836e-05
4.936459264164366443e-06
-1.209521461347586640e-07
-9.933507386750744104e-06
4.941590133519357338e-06
-1.350420555582901757e-06
-9.943769125460741142e-06
4.936459607286238470e-06
-1.296898584999447127e-07
-9.933508072994494934e-06
4.939880061406978483e-06
1.108239540980464038e-06
-9.940348981235978349e-06
1.263959675838193601e-05
1.282087468180456599e-06
-2.534126015239443214e-05
1.264121714006533600e-05
-1.781367310539188145e-06
-2.534450091576122535e-05
5.143218199903623005e-06
-1.223602834501227970e-07
-1.034850303544164150e-05
5.148078908444867667e-06
-1.365916971601730262e-06
-1.035822445252414437e-05
5.143218655577292511e-06
-1.311008427438868995e-07
-1.034850394678898728e-05
5.146458961003907658e-06
1.120919269801636696e-06
-1.035498455764222605e-05
1.315265949512905352e-05
1.295775611102248405e-06
-2.636886340310099045e-05
1.315418985791875222e-05
-1.800386774306692671e-06
-2.637192412868036751e-05
5.352261888023861141e-06
-1.236920326729856003e-07
-1.076806818889450712e-05
5.356852400723457225e-06
-1.380575404962338162e-06
-1.077724921429370437e-05
5.352262491955926631e-06
-1.324363797870707509e-07
-1.076806939675864318e-05
5.355322611462648723e-06
1.132913653258746610e-06
-1.077418963577209583e-05
1.367101759325463063e-05
1.308681538983957527e-06
-2.740705737604403396e-05
1.367245793678281583e-05
-1.818319589061278636e-06
-2.740993806310040775e-05
5.563463450287230088e-06
-1.249473140319984575e-07
-1.119194909011322070e-05
5.567783724936687269e-06
-1.394395752337901548e-06
-1.120058963941212999e-05
5.563464248975742231e-06
-1.336967110483616570e-07
-1.119195068749025007e-05
5.566344135328921612e-06
1.144222701332159592e-06
-1.119771046019660714e-05
1.419435952555846875e-05
1.320805252205431233e-06
-2.845521901786399961e-05
1.419570984784379487e-05
-1.835165818141662354e-06
-2.845791966243469589e-05
5.776696026671063423e-06
-1.261260263029900799e-07
-1.161989202009327334e-05
5.780746011380259898e-06
-1.407377889222518532e-06
-1.162799198951166629e-05
5.776697074657932285e-06
-1.348821556517541694e-07
-1.161989411606702631e-05
5.779396669352986346e-06
1.154846438715357061e-06
-1.162529330545713104e-05
1.472237375908498203e-05
1.332146732292498507e-06
-2.951272526212935283e-05
1.472363405316023377e-05
-1.850925519862802440e-06
-2.951524585027986985e-05
5.991832779232440627e-06
-1.272280407843258465e-07
-1.205164330242842048e-05
5.995612406964226875e-06
-1.419521636576895771e-06
-1.205920255789197265e-05
5.991834139496805390e-06
-1.359931323547060527e-07
-1.205164602295716695e-05
5.994353365620112685e-06
1.164784890284856209e-06
-1.205668447520378154e-05
1.525474874581623476e-05
1.342705951938290755e-06
-3.057895301228375097e-05
1.525591899512859431e-05
-1.865598770126278175e-06
-3.058129351090849380e-05
6.208746902410690322e-06
-1.282531946054946129e-07
-1.248694932547688032e-05
6.212256095984528720e-06
-1.430826740865463684e-06
-1.249396771262456728e-05
6.208748639151180445e-06
-1.370302259793588156e-07
-1.248695279895789275e-05
6.211087399398526726e-06
1.174038099586899742e-06
-1.249163031945258701e-05
1.579117292419403930e-05
1.352482880900242409e-06
-3.165327914625165622e-05
1.579225309578348110e-05
-1.879185670011273423e-06
-3.165543948943056694e-05
6.427311634486420446e-06
-1.292013064336142098e-07
-1.292555656684072992e-05
6.430550314924591381e-06
-1.441292852447836675e-06
-1.293203392771708703e-05
6.427313793194455704e-06
-1.379942220254353896e-07
-1.292556088425683770e-05
6.429471976154406491e-06
1.182606147931909115e-06
-1.292987725017673419e-05
1.633133472008408790e-05
1.361477446325626715e-06
-3.273508051524406655e-05
1.633232475000125921e-05
-1.891686307825625478e-06
-3.273706057507840916e-05
6.647400271186757117e-06
-1.300721898952301798e-07
-1.336721161745379261e-05
6.650368364942217329e-06
-1.450919465011591159e-06
-1.337314780496472320e-05
6.647402853911405075e-06
-1.388861796933707990e-07
-1.336721678290311224e-05
6.649380329636286416e-06
1.190489171267350146e-06
-1.337117173435288848e-05
1.687492253882517634e-05
1.369689506019919501e-06
-3.382373392941813949e-05
1.687582230045613091e-05
-1.903100737980621546e-06
-3.382553345268006896e-05
6.868886207089622060e-06
-1.308657274143218427e-07
-1.381166126595149141e-05
6.871583671690540376e-06
-1.459705772531006174e-06
-1.381705619515334668e-05
6.868889116524503457e-06
-1.397076432752380339e-07
-1.381166708482126945e-05
6.870685729092989323e-06
1.197687445228549682e-06
-1.381526030995826829e-05
1.742162474754878023e-05
1.377118808447793658e-06
-3.491861612407766717e-05
1.742243403799422944e-05
-1.913428924645384541e-06
-3.492023470496859270e-05
7.091642942852366844e-06
-1.315820068500635668e-07
-1.425865251468937202e-05
7.094069789343490466e-06
-1.467650495749944799e-06
-1.426350620767162774e-05
7.091645943384229714e-06
-1.404607953381383323e-07
-1.425865851575311979e-05
7.093261522611283659e-06
1.204201489083271225e-06
-1.426188967420724462e-05
1.797112967312524244e-05
1.383764878725418138e-06
-3.601910375244293859e-05
1.797184819140034635e-05
-1.922670631052732999e-06
-3.602054078899315318e-05
7.315544105690870453e-06
-1.322214942925394996e-07
-1.470793261757877537e-05
7.317700408181777550e-06
-1.474751622848872810e-06
-1.471224522256058109e-05
7.315546830819113397e-06
-1.411487436496099586e-07
-1.470793806783528328e-05
7.316981141236049958e-06
1.210032245154572535e-06
-1.471080668866915640e-05
1.852312553753493894e-05
1.389626767760597055e-06
-3.712457325795426153e-05
1.852375289903947505e-05
-1.930825122310000161e-06
-3.712582798096334731e-05
7.540463499495347301e-06
-1.327856530864278478e-07
-1.515924918187969121e-05
7.542349248540083992e-06
-1.481005566595583125e-06
-1.516302067996917306e-05
7.540465685311287983e-06
-1.417763740654764858e-07
-1.515925355351160306e-05
7.541718221626901011e-06
1.215181605185879374e-06
-1.516175862614282234e-05
1.907730024164577516e-05
1.394702867843553639e-06
-3.823440044338828099e-05
1.907783633180457148e-05
-1.937891010882154224e-06
-3.823547262370583297e-05
7.766274864829357866e-06
-1.332772698694756205e-07
-1.561234968976010846e-05
7.767889423763011568e-06
-1.486406415680699551e-06
-1.561557880762739554e-05
7.766277511299425222e-06
-1.423509099929411911e-07
-1.561235498270026350e-05
7.767347044397068846e-06
1.219652796164126210e-06
-1.561449404889552365e-05
1.963334119002200194e-05
1.398990557053925312e-06
-3.934796011735308154e-05
1.963378682106694896e-05
-1.943865991898447547e-06
-3.934885137944294170e-05
7.992851623041613576e-06
-1.337009492499001975e-07
-1.606698098339701092e-05
7.994192390012758195e-06
-1.490944854045698341e-06
-1.606966251733926289e-05
7.992859665891148820e-06
-1.428829821456161708e-07
-1.606699706909609497e-05
7.993742884508174383e-06
1.223451056796329693e-06
-1.606876350633009527e-05
2.019093405706489402e-05
1.402485414766651368e-06
-4.046462362813079566e-05
2.019129347677025679e-05
-1.948746458552873485e-06
-4.046534246754152119e-05
8.220065635560584445e-06
-1.340639007090061325e-07
-1.652288678512689278e-05
8.221123273150594815e-06
-1.494605278092692865e-06
-1.652500206030691013e-05
8.220096172691058141e-06
-1.433891183033512105e-07
-1.652294785938785712e-05
8.220784474468573896e-06
1.226585224200743434e-06
-1.652432446294286152e-05
2.074976131191769317e-05
1.405182680823687205e-06
-4.158375591504873418e-05
2.075004728777249624e-05
-1.952530867398403849e-06
-4.158432786675832676e-05
8.447785007023671358e-06
-1.343692180804777124e-07
-1.697980330526544410e-05
8.448532143676704687e-06
-1.497366576907052790e-06
-1.698129757857146671e-05
8.447886027806969419e-06
-1.438907757034259281e-07
-1.698000534683204700e-05
8.448356958333244160e-06
1.229064825628565576e-06
-1.698094720788457954e-05
2.130949917672191204e-05
1.407078127848785676e-06
-4.270470942186957311e-05
2.130974792477216971e-05
-1.955221797065004393e-06
-4.270520691797008168e-05
8.675860479446848543e-06
-1.346117412918691586e-07
-1.743743202732416241e-05
8.676249594344056474e-06
-1.499209969221253935e-06
-1.743821025711854100e-05
8.676161485555257185e-06
-1.444160854270727463e-07
-1.743803403954100341e-05
8.676357975199446796e-06
1.230898313010281351e-06
-1.743842701882934536e-05
2.186981221392591412e-05
1.408178312075423855e-06
-4.382681327296954112e-05
2.187010961321355149e-05
-1.956847438921919104e-06
-4.382740807154481585e-05
8.904113683986711845e-06
-1.347350858323650224e-07
-1.789541621309584268e-05
8.904033046121952015e-06
-1.500123744532281001e-06
-1.789525493736630269e-05
8.904941242068228891e-06
-1.449883230331954674e-07
-1.789707132925888016e-05
8.904708482146010389e-06
1.232072572076350974e-06
-1.789660580941442283e-05
2.243035445375753402e-05
1.408525888513016132e-06
-4.494937552984512114e-05
2.243093735924074744e-05
-1.957479819146316532e-06
-4.495054134081154798e-05
9.132184690867881544e-06
-1.345952017623218536e-07
-1.835303600407055618e-05
9.131659823986096075e-06
-1.500255716728888302e-06
-1.835198627030695137e-05
9.134491605543597261e-06
-1.456401235770534727e-07
-1.835764983342196729e-05
9.133350501018969720e-06
1.232502295181546073e-06
-1.835536762437272915e-05
