3.121864092468322263e-23
8.336454873257177375e-12
-4.167069017124395391e-13
3.178212030392396226e-23
-8.336454873264541221e-12
-4.167069017130021673e-13
2.350178162179909536e-23
-8.336454872998358701e-12
-4.167069017017492495e-13
2.367352757950497466e-23
8.336454873000610829e-12
-4.167069017019231271e-13
5.638312742063475189e-09
3.329073529289643109e-08
-7.836755612510915664e-09
5.638312742075968098e-09
-3.329073529292158400e-08
-7.836755612523412709e-09
5.638312741410348266e-09
-3.329073528977497572e-08
-7.836755611810740363e-09
5.638312741419062614e-09
3.329073528979256488e-08
-7.836755611819496897e-09
1.569454620985020588e-08
4.578624961000992170e-08
-1.872813337427918300e-08
1.569454620986261690e-08
-4.578624961004689336e-08
-1.872813337429160063e-08
1.569454620820628699e-08
-4.578624960572442468e-08
-1.872813337257034035e-08
1.569454620821492937e-08
4.578624960575027242e-08
-1.872813337257904560e-08
3.263617453573144919e-08
7.823319640138358817e-08
-3.786778786370620214e-08
3.263617453574668255e-08
-7.823319640144706270e-08
-3.786778786372145535e-08
3.263617453237940895e-08
-7.823319639409030362e-08
-3.786778786024215502e-08
3.263617453238995716e-08
7.823319639413464050e-08
-3.786778786025284881e-08
5.388398591229256078e-08
9.041057848341499667e-08
-5.995074353424882555e-08
5.388398591230624566e-08
-9.041057848349073994e-08
-5.995074353426256337e-08
5.388398590691104283e-08
-9.041057847500079636e-08
-5.995074352873746010e-08
5.388398590692049916e-08
9.041057847505365651e-08
-5.995074352874706863e-08
8.184053375155454454e-08
1.220220732281399392e-07
-9.010531753705655206e-08
8.184053375157039994e-08
-1.220220732282423508e-07
-9.010531753707216923e-08
8.184053374345010683e-08
-1.220220732168309111e-07
-9.010531752877544180e-08
8.184053374346099915e-08
1.220220732169023001e-07
-9.010531752878634735e-08
1.139915269664567780e-07
1.338813230750894310e-07
-1.230914550459402973e-07
1.139915269664709261e-07
-1.338813230752042305e-07
-1.230914550459541410e-07
1.139915269553233505e-07
-1.338813230627026330e-07
-1.230914550346124228e-07
1.139915269553330913e-07
1.338813230627825982e-07
-1.230914550346221107e-07
1.526745982486665128e-07
1.646573657731650209e-07
-1.639725524916956889e-07
1.526745982486824741e-07
-1.646573657733067666e-07
-1.639725524917113325e-07
1.526745982338346483e-07
-1.646573657579972020e-07
-1.639725524766226052e-07
1.526745982338457391e-07
1.646573657580957489e-07
-1.639725524766334579e-07
1.954403772314770310e-07
1.761984833850325432e-07
-2.075734757684879571e-07
1.954403772314912188e-07
-1.761984833851868355e-07
-2.075734757685014037e-07
1.954403772126559059e-07
-1.761984833688298881e-07
-2.075734757494075870e-07
1.954403772126658586e-07
1.761984833689371172e-07
-2.075734757494171426e-07
2.445615758862021429e-07
2.061390740364601834e-07
-2.588927005867587390e-07
2.445615758862176542e-07
-2.061390740366412631e-07
-2.588927005867737209e-07
2.445615758627461066e-07
-2.061390740175873099e-07
-2.588927005629962355e-07
2.445615758627569062e-07
2.061390740177132267e-07
-2.588927005630070352e-07
2.976537445664886975e-07
2.173620594132461066e-07
-3.128200135610265672e-07
2.976537445665021442e-07
-2.173620594134393359e-07
-3.128200135610398550e-07
2.976537445381216700e-07
-2.173620593933808281e-07
-3.128200135323352319e-07
2.976537445381308815e-07
2.173620593935152946e-07
-3.128200135323447611e-07
3.569246745232963826e-07
2.464671980180247118e-07
-3.742889696813796310e-07
3.569246745233109939e-07
-2.464671980182437228e-07
-3.742889696813945070e-07
3.569246744893968535e-07
-2.464671979956029027e-07
-3.742889696471091544e-07
3.569246744894069649e-07
2.464671979957552098e-07
-3.742889696471197953e-07
4.200548368306256269e-07
2.573720511597286124e-07
-4.382542762826903078e-07
4.200548368306384912e-07
-2.573720511599594819e-07
-4.382542762827032780e-07
4.200548367909325513e-07
-2.573720511363574911e-07
-4.382542762426086028e-07
4.200548367909412863e-07
2.573720511365180568e-07
-4.382542762426181849e-07
4.891871020190819824e-07
2.856417377178586857e-07
-5.095845676346921479e-07
4.891871020190965937e-07
-2.856417377181147543e-07
-5.095845676347067593e-07
4.891871019729973550e-07
-2.856417376920424449e-07
-5.095845675881723573e-07
4.891871019730070958e-07
2.856417376922205336e-07
-5.095845675881826276e-07
5.620668618830213110e-07
2.962284586244808814e-07
-5.832994717926127501e-07
5.620668618830342282e-07
-2.962284586247485438e-07
-5.832994717926258791e-07
5.620668618302990157e-07
-2.962284585977579448e-07
-5.832994717394375040e-07
5.620668618303074860e-07
2.962284585979441332e-07
-5.832994717394469272e-07
6.407720662326950548e-07
3.236626931359635608e-07
-6.642027023058315022e-07
6.407720662327094544e-07
-3.236626931362570577e-07
-6.642027023058474899e-07
6.407720661727609093e-07
-3.236626931069042956e-07
-6.642027022453975013e-07
6.407720661727709678e-07
3.236626931071090128e-07
-6.642027022454087245e-07
7.231130275828123914e-07
3.339312818075045280e-07
-7.473788079499304300e-07
7.231130275828254146e-07
-3.339312818078099893e-07
-7.473788079499448296e-07
7.231130275154345204e-07
-3.339312817775795951e-07
-7.473788078820345983e-07
7.231130275154434142e-07
3.339312817777927827e-07
-7.473788078820448686e-07
8.111027750232719769e-07
3.605300642723390724e-07
-8.375665815539356590e-07
8.111027750232864824e-07
-3.605300642726706329e-07
-8.375665815539514350e-07
8.111027749478992795e-07
-3.605300642401881899e-07
-8.375665814779968259e-07
8.111027749479091263e-07
3.605300642404200122e-07
-8.375665814780087903e-07
9.026165417891354042e-07
3.704805207087981759e-07
-9.299154926137813128e-07
9.026165417891483215e-07
-3.704805207091416478e-07
-9.299154926137938065e-07
9.026165417055507224e-07
-3.704805206758239244e-07
-9.299154925296122841e-07
9.026165417055590868e-07
3.704805206760642171e-07
-9.299154925296216014e-07
9.996024362499474317e-07
3.962438511269817795e-07
-1.029099413238138984e-06
9.996024362499607725e-07
-3.962438511273488624e-07
-1.029099413238152748e-06
9.996024361576246521e-07
-3.962438510918964572e-07
-1.029099413145183682e-06
9.996024361576339695e-07
3.962438510921544846e-07
-1.029099413145193423e-06
1.100000612361123338e-06
4.058761753283584370e-07
-1.130332733643296376e-06
1.100000612361134350e-06
-4.058761753287363725e-07
-1.130332733643308446e-06
1.100000612259859279e-06
-4.058761752924929973e-07
-1.130332733541381795e-06
1.100000612259868596e-06
4.058761752927590716e-07
-1.130332733541390901e-06
1.205694257771853455e-06
4.308040536998942232e-07
-1.238224405217574783e-06
1.205694257771867643e-06
-4.308040537002956639e-07
-1.238224405217586430e-06
1.205694257661148367e-06
-4.308040536620259212e-07
-1.238224405106168775e-06
1.205694257661159166e-06
4.308040536623092008e-07
-1.238224405106176821e-06
1.314688447157908124e-06
4.401182456661891228e-07
-1.348053738897611572e-06
1.314688447157921676e-06
-4.401182456666012043e-07
-1.348053738897620042e-06
1.314688447037571423e-06
-4.401182456275816258e-07
-1.348053738776556376e-06
1.314688447037582858e-06
4.401182456278727933e-07
-1.348053738776562305e-06
1.428801447448124307e-06
4.642106719910769329e-07
-1.464364765351373505e-06
1.428801447448139342e-06
-4.642106719915114608e-07
-1.464364765351383034e-06
1.428801447317675939e-06
-4.642106719505712880e-07
-1.464364765220157725e-06
1.428801447317686739e-06
4.642106719508802962e-07
-1.464364765220164713e-06
1.546103254038625608e-06
4.732067317222902864e-07
-1.582501716235856291e-06
1.546103254038639372e-06
-4.732067317227350316e-07
-1.582501716235863279e-06
1.546103253897890449e-06
-4.732067316810862098e-07
-1.582501716094336356e-06
1.546103253897901037e-06
4.732067316814032649e-07
-1.582501716094342709e-06
1.668347213137892975e-06
4.964637060005301203e-07
-1.706943701498665385e-06
1.668347213137907163e-06
-4.964637060009967296e-07
-1.706943701498677455e-06
1.668347212986416591e-06
-4.964637059575392807e-07
-1.706943701346359755e-06
1.668347212986427391e-06
4.964637059578732234e-07
-1.706943701346370131e-06
1.793668240862407298e-06
5.051416334966627218e-07
-1.833099873517160558e-06
1.793668240862419580e-06
-5.051416334971393896e-07
-1.833099873517171781e-06
1.793668240700030024e-06
-5.051416334530145846e-07
-1.833099873353936885e-06
1.793668240700039341e-06
5.051416334533561506e-07
-1.833099873353946202e-06
1.923754762700296050e-06
5.275631557282582853e-07
-1.965384421518592941e-06
1.923754762700307485e-06
-5.275631557287568701e-07
-1.965384421518606917e-06
1.923754762526588651e-06
-5.275631556829285760e-07
-1.965384421343991922e-06
1.923754762526595851e-06
5.275631556832849651e-07
-1.965384421344002510e-06
2.056806615488393595e-06
5.359229509893108230e-07
-2.099271418600671547e-06
2.056806615488403336e-06
-5.359229509898195722e-07
-2.099271418600685100e-06
2.056806615303206781e-06
-5.359229509433630972e-07
-2.099271418414571209e-06
2.056806615303211864e-06
5.359229509437265803e-07
-2.099271418414581797e-06
2.194447303994468637e-06
5.575090211742625926e-07
-2.239110133270292975e-06
2.194447303994480919e-06
-5.575090211747933646e-07
-2.239110133270307374e-06
2.194447303797392022e-06
-5.575090211267365268e-07
-2.239110133072255825e-06
2.194447303797402187e-06
5.575090211271152564e-07
-2.239110133072266412e-06
2.334941585775718121e-06
5.655506842002353841e-07
-2.380439559345522250e-06
2.334941585775727439e-06
-5.655506842007761088e-07
-2.380439559345535803e-06
2.334941585566614909e-06
-5.655506841521304772e-07
-2.380439559135443256e-06
2.334941585566626768e-06
5.655506841525166183e-07
-2.380439559135452997e-06
2.479848044879555372e-06
5.863013023385425127e-07
-2.527544044612905462e-06
2.479848044879568501e-06
-5.863013023391037779e-07
-2.527544044612918168e-06
2.479848044658039739e-06
-5.863013022889632391e-07
-2.527544044390367037e-06
2.479848044658052021e-06
5.863013022893655797e-07
-2.527544044390376778e-06
2.627496359583525514e-06
5.940248331294351346e-07
-2.676027503610857513e-06
2.627496359583537796e-06
-5.940248331300064583e-07
-2.676027503610868948e-06
2.627496359349475488e-06
-5.940248330793163010e-07
-2.676027503375766483e-06
2.627496359349487770e-06
5.940248330797266884e-07
-2.676027503375776647e-06
2.779380193214689456e-06
6.139399992211018573e-07
-2.830109363405564875e-06
2.779380193214700891e-06
-6.139399992216937216e-07
-2.830109363405578428e-06
2.779380192967738694e-06
-6.139399991696075481e-07
-2.830109363157529488e-06
2.779380192967751823e-06
6.139399991700348762e-07
-2.830109363157539228e-06
2.933894144770950244e-06
6.213453977769165330e-07
-2.985458459255805878e-06
2.933894144770959561e-06
-6.213453977775178205e-07
-2.985458459255817313e-06
2.933894144510991174e-06
-6.213453977249203567e-07
-2.985458458994746088e-06
2.933894144511002609e-06
6.213453977253556258e-07
-2.985458458994753711e-06
3.092466956859004513e-06
6.404251118219435911e-07
-3.146229297507407378e-06
3.092466956859020607e-06
-6.404251118225665838e-07
-3.146229297507419660e-06
3.092466956585699592e-06
-6.404251117686742185e-07
-3.146229297232951339e-06
3.092466956585715685e-06
6.404251117691266399e-07
-3.146229297232959386e-06
3.253558149197124241e-06
6.475123781426800029e-07
-3.308155634139507745e-06
3.253558149197141606e-06
-6.475123781433135836e-07
-3.308155634139520450e-06
3.253558148910373519e-06
-6.475123780889479385e-07
-3.308155633851588541e-06
3.253558148910391307e-06
6.475123780894086186e-07
-3.308155633851597011e-06
3.418531543671656614e-06
6.657566401410689846e-07
-3.475327054777584808e-06
3.418531543671671437e-06
-6.657566401417238469e-07
-3.475327054777594125e-06
3.418531543371140335e-06
-6.657566400861657912e-07
-3.475327054475855155e-06
3.418531543371155158e-06
6.657566400866422473e-07
-3.475327054475857272e-06
3.585911580721211623e-06
6.725257742267280855e-07
-3.643542236121120456e-06
3.585911580721222635e-06
-6.725257742273924769e-07
-3.643542236121125962e-06
3.585911580406845086e-06
-6.725257741714006345e-07
-3.643542235805523603e-06
3.585911580406858638e-06
6.725257741718838668e-07
-3.643542235805522756e-06
3.756997161511780229e-06
6.899345841784821670e-07
-3.816825843075226129e-06
3.756997161511789546e-06
-6.899345841791670990e-07
-3.816825843075236293e-06
3.756997161183269935e-06
-6.899345841220823723e-07
-3.816825842745442321e-06
3.756997161183278829e-06
6.899345841225784160e-07
-3.816825842745444862e-06
3.930377647202336274e-06
6.963855860290654393e-07
-3.991041473059761118e-06
3.930377647202346438e-06
-6.963855860297595828e-07
-3.991041473059772976e-06
3.930377646859605567e-06
-6.963855859722783388e-07
-3.991041472715742074e-06
3.930377646859617426e-06
6.963855859727803117e-07
-3.991041472715746309e-06
4.107287018238523383e-06
7.129589439341827149e-07
-4.170148870259484870e-06
4.107287018238528465e-06
-7.129589439348948578e-07
-4.170148870259492494e-06
4.107287017881295707e-06
-7.129589438764244911e-07
-4.170148869900934977e-06
4.107287017881305872e-06
7.129589438769392754e-07
-4.170148869900938365e-06
4.286379556499654686e-06
7.190918135496895233e-07
-4.350076552814597236e-06
4.286379556499662309e-06
-7.190918135504092895e-07
-4.350076552814601471e-06
4.286379556127874138e-06
-7.190918134915811573e-07
-4.350076552441481764e-06
4.286379556127885149e-06
7.190918134921015531e-07
-4.350076552441481764e-06
4.468824321711018005e-06
7.348297194081786750e-07
-4.534719344189498893e-06
4.468824321711026476e-06
-7.348297194089142173e-07
-4.534719344189502281e-06
4.468824321324433015e-06
-7.348297193491867478e-07
-4.534719343801537474e-06
4.468824321324438944e-06
7.348297193497186845e-07
-4.534719343801538321e-06
4.653340516472297097e-06
7.406444567886120900e-07
-4.720070683244754811e-06
4.653340516472307261e-06
-7.406444567893547261e-07
-4.720070683244762434e-06
4.653340516070856843e-06
-7.406444567293037959e-07
-4.720070682841923729e-06
4.653340516070863619e-06
7.406444567298406031e-07
-4.720070682841927964e-06
4.841032279788418896e-06
7.555469106004731179e-07
-4.909960472724409019e-06
4.841032279788422285e-06
-7.555469106012304713e-07
-4.909960472724417490e-06
4.841032279371887057e-06
-7.555469105403749657e-07
-4.909960472306448235e-06
4.841032279371887904e-06
7.555469105409207725e-07
-4.909960472306453317e-06
5.030683734979420424e-06
7.610435157458345159e-07
-5.100447072209389914e-06
5.030683734979427200e-06
-7.610435157465985396e-07
-5.100447072209396690e-06
5.030683734547761422e-06
-7.610435156854537723e-07
-5.100447071776283333e-06
5.030683734547759728e-06
7.610435156860036025e-07
-5.100447071776290957e-06
5.223334100329862645e-06
7.751105175110773727e-07
-5.295295463723373015e-06
5.223334100329877892e-06
-7.751105175118563253e-07
-5.295295463723372168e-06
5.223334099882859642e-06
-7.751105174499896741e-07
-5.295295463274891092e-06
5.223334099882869807e-06
7.751105174505481865e-07
-5.295295463274892786e-06
5.417832419880162102e-06
7.802889904213690830e-07
-5.490628927567646757e-06
5.417832419880182431e-06
-7.802889904221557649e-07
-5.490628927567650992e-06
5.417832419417786298e-06
-7.802889903600308745e-07
-5.490628927103786951e-06
5.417832419417801544e-06
7.802889903605940455e-07
-5.490628927103787798e-06
5.615152991194525651e-06
7.935205401399990625e-07
-5.690147525045530856e-06
5.615152991194540051e-06
-7.935205401408022615e-07
-5.690147525045535091e-06
5.615152990716573758e-06
-7.935205400780361672e-07
-5.690147524566075480e-06
5.615152990716580534e-06
7.935205400786084438e-07
-5.690147524566074633e-06
5.814209779033711237e-06
7.983808808152235204e-07
-5.890039457178691575e-06
5.814209779033722249e-06
-7.983808808160337075e-07
-5.890039457178693269e-06
5.814209778540164621e-06
-7.983808807530415612e-07
-5.890039456683633004e-06
5.814209778540174785e-06
7.983808807536178613e-07
-5.890039456683631310e-06
6.015912160241577537e-06
8.107769784872445402e-07
-6.093939864550086048e-06
6.015912160241588548e-06
-8.107769784880683856e-07
-6.093939864550084354e-06
6.015912159732259167e-06
-8.107769784245220681e-07
-6.093939864039230313e-06
6.015912159732266790e-06
8.107769784251062032e-07
-6.093939864039226078e-06
6.219239020299226441e-06
8.153191869274012163e-07
-6.298101868901705002e-06
6.219239020299236605e-06
-8.153191869282310969e-07
-6.298101868901705849e-06
6.219239019774132929e-06
-8.153191868644916558e-07
-6.298101868375068196e-06
6.219239019774138858e-06
8.153191868650790732e-07
-6.298101868375066502e-06
6.425034815330154892e-06
8.268798325528075589e-07
-6.506095690096156545e-06
6.425034815330165903e-06
-8.268798325536539566e-07
-6.506095690096164168e-06
6.425034814789134620e-06
-8.268798324894400712e-07
-6.506095689553569261e-06
6.425034814789132926e-06
8.268798324900374412e-07
-6.506095689553576038e-06
6.632343351535842607e-06
8.311039087578969826e-07
-6.714239370595818545e-06
6.632343351535847689e-06
-8.311039087587499448e-07
-6.714239370595823628e-06
6.632343350978892186e-06
-8.311039086943737468e-07
-6.714239370037290949e-06
6.632343350978886257e-06
8.311039086949743990e-07
-6.714239370037296878e-06
6.841944164319424797e-06
8.418291023367030476e-07
-6.926038209542924674e-06
6.841944164319421409e-06
-8.418291023375706211e-07
-6.926038209542928909e-06
6.841944163746398538e-06
-8.418291022727925059e-07
-6.926038208968307687e-06
6.841944163746390068e-06
8.418291022733994050e-07
-6.926038208968308534e-06
7.052945980602731901e-06
8.457350463067314658e-07
-7.137875170120206063e-06
7.052945980602731901e-06
-8.457350463076048626e-07
-7.137875170120215380e-06
7.052945980013642509e-06
-8.457350462426898457e-07
-7.137875169529520014e-06
7.052945980013635732e-06
8.457350462432992859e-07
-7.137875169529521708e-06
7.266063415068534007e-06
8.556247878389438176e-07
-7.353190630749544813e-06
7.266063415068547560e-06
-8.556247878398308729e-07
-7.353190630749544813e-06
7.266063414463257816e-06
-8.556247877745786310e-07
-7.353190630142655024e-06
7.266063414463269674e-06
8.556247877751989767e-07
-7.353190630142651636e-06
7.480470115359047851e-06
8.592125995739137713e-07
-7.568432475334032943e-06
7.480470115359065639e-06
-8.592125995748079205e-07
-7.568432475334031249e-06
7.480470114737595871e-06
-8.592125995094394233e-07
-7.568432474710968212e-06
7.480470114737618741e-06
8.592125995100658042e-07
-7.568432474710963130e-06
7.696815775436665697e-06
8.682668890595401392e-07
-7.786976161575181503e-06
7.696815775436686026e-06
-8.682668890604519702e-07
-7.786976161575188279e-06
7.696815774798949837e-06
-8.682668889948093520e-07
-7.786976160935819011e-06
7.696815774798965084e-06
8.682668889954508736e-07
-7.786976160935830870e-06
7.914338963663975328e-06
8.715365685594541696e-07
-8.005334494096470502e-06
7.914338963663997351e-06
-8.715365685603744709e-07
-8.005334494096475584e-06
7.914338963010006601e-06
-8.715365684946395261e-07
-8.005334493440839896e-06
7.914338963010020153e-06
8.715365684952883533e-07
-8.005334493440853448e-06
8.133624453283025912e-06
8.797554059985094825e-07
-8.226818009879048412e-06
8.133624453283054711e-06
-8.797554059994479950e-07
-8.226818009879050106e-06
8.133624452612717918e-06
-8.797554059334916569e-07
-8.226818009207076846e-06
8.133624452612739941e-06
8.797554059341556249e-07
-8.226818009207081928e-06
8.353975733376734777e-06
8.827069532633708717e-07
-8.448004434266731563e-06
8.353975733376758494e-06
-8.827069532643184898e-07
-8.448004434266729868e-06
8.353975732690106153e-06
-8.827069531982867659e-07
-8.448004433578442754e-06
8.353975732690129870e-06
8.827069531989578277e-07
-8.448004433578435978e-06
8.575912656466788510e-06
8.900903386558623294e-07
-8.672139383520314316e-06
8.575912656466802062e-06
-8.900903386568238177e-07
-8.672139383520312622e-06
8.575912655763785045e-06
-8.900903385906110404e-07
-8.672139382815625256e-06
8.575912655763803680e-06
8.900903385912906785e-07
-8.672139382815618479e-06
8.798803632356484808e-06
8.927237536856765833e-07
-8.895865503703981512e-06
8.798803632356501749e-06
-8.927237536866445302e-07
-8.895865503703983206e-06
8.798803631637113279e-06
-8.927237536203720371e-07
-8.895865502982915917e-06
8.798803631637121749e-06
8.927237536210558045e-07
-8.895865502982914223e-06
9.023103592847145138e-06
8.992716870316014329e-07
-9.122363490358165780e-06
9.023103592847155302e-06
-8.992716870325833559e-07
-9.122363490358175944e-06
9.023103592111346251e-06
-8.992716869661745964e-07
-9.122363489620655887e-06
9.023103592111346251e-06
8.992716869668675752e-07
-9.122363489620662663e-06
9.248245868462420458e-06
9.015869698263685514e-07
-9.348340910267422161e-06
9.248245868462432316e-06
-9.015869698273570389e-07
-9.348340910267428938e-06
9.248245867710212849e-06
-9.015869697609033866e-07
-9.348340909513495076e-06
9.248245867710216237e-06
9.015869697616001771e-07
-9.348340909513495076e-06
9.474620470283280665e-06
9.072994511257457453e-07
-9.576913538251804613e-06
9.474620470283284053e-06
-9.072994511267482088e-07
-9.576913538251821553e-06
9.474620469514613512e-06
-9.072994510601877245e-07
-9.576913537481414595e-06
9.474620469514615206e-06
9.072994510608959500e-07
-9.576913537481419677e-06
9.701725649553743534e-06
9.092966016854726106e-07
-9.804853861816245156e-06
9.701725649553746922e-06
-9.092966016864813209e-07
-9.804853861816257015e-06
9.701725648768637166e-06
-9.092966016198857907e-07
-9.804853861029407452e-06
9.701725648768632084e-06
9.092966016205976160e-07
-9.804853861029412534e-06
9.929886496634395207e-06
9.141736309383214188e-07
-1.003521273506044279e-05
9.929886496634388431e-06
-9.141736309393420935e-07
-1.003521273506044957e-05
9.929886495832834377e-06
-9.141736308726576248e-07
-1.003521273425710658e-05
9.929886495832812354e-06
9.141736308733737911e-07
-1.003521273425711674e-05
1.015866618348965416e-05
9.158526492630166070e-07
-1.026482756620967941e-05
1.015866618348963383e-05
-9.158526492640398228e-07
-1.026482756620968449e-05
1.015866618267162870e-05
-9.158526491973271902e-07
-1.026482756538986672e-05
1.015866618267159482e-05
9.158526491980431448e-07
-1.026482756538987857e-05
1.038832487975975156e-05
9.198942264693420058e-07
-1.049668428864332447e-05
1.038832487975972446e-05
-9.198942264703705156e-07
-1.049668428864333803e-05
1.038832487892524115e-05
-9.198942264035885322e-07
-1.049668428780698108e-05
1.038832487892521066e-05
9.198942264043056515e-07
-1.049668428780700141e-05
1.061849067812941342e-05
9.212551125589993760e-07
-1.072768523130697756e-05
1.061849067812939818e-05
-9.212551125600289446e-07
-1.072768523130698772e-05
1.061849067727841975e-05
-9.212551124932271618e-07
-1.072768523045413058e-05
1.061849067727839942e-05
9.212551124939443869e-07
-1.072768523045414921e-05
1.084935882751853460e-05
9.244612377187910952e-07
-1.096075140685965486e-05
1.084935882751851935e-05
-9.244612377198184403e-07
-1.096075140685966164e-05
1.084935882665103734e-05
-9.244612376529777998e-07
-1.096075140599026702e-05
1.084935882665101362e-05
9.244612376536918486e-07
-1.096075140599027041e-05
1.108062234133220959e-05
9.255039915734123414e-07
-1.119285006496731431e-05
1.108062234133220282e-05
-9.255039915744390512e-07
-1.119285006496731770e-05
1.108062234044820535e-05
-9.255039915075901522e-07
-1.119285006408141610e-05
1.108062234044819688e-05
9.255039915083017658e-07
-1.119285006408141441e-05
1.131241154776995121e-05
9.278746646866757807e-07
-1.142683729756861544e-05
1.131241154776996137e-05
-9.278746646877033376e-07
-1.142683729756861713e-05
1.131241154686943491e-05
-9.278746646208428978e-07
-1.142683729666617637e-05
1.131241154686945354e-05
9.278746646215527114e-07
-1.142683729666616959e-05
1.154448438095724618e-05
9.285992863062645029e-07
-1.165974527504989485e-05
1.154448438095725634e-05
-9.285992863072933303e-07
-1.165974527504989993e-05
1.154448438004022798e-05
-9.285992862404311964e-07
-1.165974527413093864e-05
1.154448438004024661e-05
9.285992862411416453e-07
-1.165974527413093187e-05
1.177690624837323878e-05
9.301345073730298380e-07
-1.189436516862943342e-05
1.177690624837324556e-05
-9.301345073740623711e-07
-1.189436516862943850e-05
1.177690624743972208e-05
-9.301345073071795908e-07
-1.189436516769394482e-05
1.177690624743973224e-05
9.301345073078925808e-07
-1.189436516769394143e-05
1.200950000486377410e-05
9.305409967575969416e-07
-1.212779406941394642e-05
1.200950000486377410e-05
-9.305409967586310630e-07
-1.212779406941395150e-05
1.200950000391375720e-05
-9.305409966917441534e-07
-1.212779406846194576e-05
1.200950000391375042e-05
9.305409966924574610e-07
-1.212779406846194406e-05
1.224226613718762962e-05
9.312407657778679840e-07
-1.236275822790132587e-05
1.224226613718761945e-05
-9.312407657789055994e-07
-1.236275822790134789e-05
1.224226613622111081e-05
-9.312407657120148782e-07
-1.236275822693282501e-05
1.224226613622109387e-05
9.312407657127270211e-07
-1.236275822693282840e-05
1.247509242091101891e-05
9.313291229274150574e-07
-1.259641965591869622e-05
1.247509242091101213e-05
-9.313291229284550021e-07
-1.259641965591872163e-05
1.247509241992799821e-05
-9.313291228615649161e-07
-1.259641965493368160e-05
1.247509241992798127e-05
9.313291228622758944e-07
-1.259641965493368669e-05
