-3.039821608542059503e-13
4.659210034335753219e-09
-4.856169946747631397e-08
-3.039821608541966101e-13
-4.659210034335761491e-09
-4.856169946747630736e-08
-3.039821608541986296e-13
-4.659210034335988966e-09
-4.856169946747965578e-08
-3.039821608542075154e-13
4.659210034336020399e-09
-4.856169946747966240e-08
1.396046750307618681e-13
4.535512545890888668e-09
-1.100596684279537162e-07
1.396046750307147384e-13
-4.535512545891007782e-09
-1.100596684279537426e-07
1.396046750307627516e-13
-4.535512545890844827e-09
-1.100596684279584543e-07
1.396046750307557844e-13
4.535512545890927545e-09
-1.100596684279584675e-07
3.857223745554317738e-13
4.538627105262647524e-09
-1.689736094482190506e-07
3.857223745554425275e-13
-4.538627105262755057e-09
-1.689736094482189712e-07
3.857223745554251600e-13
-4.538627105262263712e-09
-1.689736094482204535e-07
3.857223745554276843e-13
4.538627105262349739e-09
-1.689736094482204271e-07
