5.866021665365752888e-08
8.699042841636614329e-08
-6.457132550310574473e-08
5.866021665365767447e-08
-8.699042841636703002e-08
-6.457132550310596973e-08
5.866021665240489950e-08
-8.699042841463214773e-08
-6.457132550184541265e-08
5.866021665240528993e-08
8.699042841463388150e-08
-6.457132550184578323e-08
2.293080903383947842e-07
1.679814920252649399e-07
-2.411303059556246197e-07
2.293080903383948901e-07
-1.679814920252666869e-07
-2.411303059556248315e-07
2.293080903336895427e-07
-1.679814920219633114e-07
-2.411303059509037345e-07
2.293080903336899133e-07
1.679814920219668054e-07
-2.411303059509040522e-07
5.039445003708528518e-07
2.429732394165933637e-07
-5.216778248375312936e-07
5.039445003708530636e-07
-2.429732394165960636e-07
-5.216778248375316112e-07
5.039445003607168321e-07
-2.429732394118898956e-07
-5.216778248273710275e-07
5.039445003607171497e-07
2.429732394118950307e-07
-5.216778248273714510e-07
8.745703555973360977e-07
3.119656482987092354e-07
-8.982147889134636222e-07
8.745703555973362036e-07
-3.119656482987129412e-07
-8.982147889134635163e-07
8.745703555800121563e-07
-3.119656482927690463e-07
-8.982147888961061172e-07
8.745703555800119446e-07
3.119656482927755049e-07
-8.982147888961062230e-07
1.333186513034949948e-06
3.749586977722367637e-07
-1.362742053118859972e-06
1.333186513034949736e-06
-3.749586977722410518e-07
-1.362742053118859761e-06
1.333186513008898391e-06
-3.749586977652224839e-07
-1.362742053092765217e-06
1.333186513008898603e-06
3.749586977652300542e-07
-1.362742053092765217e-06
1.871793852000337706e-06
4.319524256293186481e-07
-1.907260500933696707e-06
1.871793852000338553e-06
-4.319524256293242597e-07
-1.907260500933698189e-06
1.871793851964235891e-06
-4.319524256213925903e-07
-1.907260500897541318e-06
1.871793851964236315e-06
4.319524256214016429e-07
-1.907260500897542376e-06
2.482393274861161140e-06
4.829468149771881923e-07
-2.523771032643968482e-06
2.482393274861160716e-06
-4.829468149771951803e-07
-2.523771032643968482e-06
2.482393274813900936e-06
-4.829468149685164807e-07
-2.523771032596648140e-06
2.482393274813900936e-06
4.829468149685270686e-07
-2.523771032596648140e-06
3.156985645113167340e-06
5.279418503153494551e-07
-3.204274509663758877e-06
3.156985645113168187e-06
-5.279418503153564431e-07
-3.204274509663758453e-06
3.156985645053872916e-06
-5.279418503060873616e-07
-3.204274509604389914e-06
3.156985645053872916e-06
5.279418503060981612e-07
-3.204274509604389490e-06
3.887571842073010833e-06
5.669375586381996233e-07
-3.940771815473049652e-06
3.887571842073012527e-06
-5.669375586382058701e-07
-3.940771815473048805e-06
3.887571842000996092e-06
-5.669375586284816142e-07
-3.940771815400950208e-06
3.887571842000996092e-06
5.669375586284902963e-07
-3.940771815400948514e-06
4.666152761629721093e-06
5.999339284518543918e-07
-4.725263843879208889e-06
4.666152761629719399e-06
-5.999339284518582034e-07
-4.725263843879208042e-06
4.666152761544464686e-06
-5.999339284418015930e-07
-4.725263843793850838e-06
4.666152761544463839e-06
5.999339284418067811e-07
-4.725263843793849991e-06
5.484729273757719221e-06
6.269309496546980405e-07
-5.549751462774994599e-06
5.484729273757717527e-06
-6.269309496547003698e-07
-5.549751462774995446e-06
5.484729273658860312e-06
-6.269309496444128371e-07
-5.549751462676007788e-06
5.484729273658858618e-06
6.269309496444158017e-07
-5.549751462676008635e-06
6.335302257773685154e-06
6.479286384433726084e-07
-6.406235555640421368e-06
6.335302257773685154e-06
-6.479286384433745142e-07
-6.406235555640422215e-06
6.335302257660991656e-06
-6.479286384329422446e-07
-6.406235555527560157e-06
6.335302257660989962e-06
6.479286384329425623e-07
-6.406235555527561004e-06
7.209872603088033861e-06
6.629269887228743288e-07
-7.286717009804232604e-06
7.209872603088032167e-06
-6.629269887228754935e-07
-7.286717009804234298e-06
7.209872602961366013e-06
-6.629269887123669910e-07
-7.286717009677354691e-06
7.209872602961363472e-06
6.629269887123655087e-07
-7.286717009677358080e-06
8.100441186153879299e-06
6.719259957904606087e-07
-8.183196699637856306e-06
8.100441186153875910e-06
-6.719259957904608204e-07
-8.183196699637856306e-06
8.100441186013158327e-06
-6.719259957799292363e-07
-8.183196699496921882e-06
8.100441186013156633e-06
6.719259957799296598e-07
-8.183196699496925270e-06
8.999008886287908181e-06
6.749256650450283976e-07
-9.087675508621332471e-06
8.999008886287913263e-06
-6.749256650450278683e-07
-9.087675508621332471e-06
8.999008886133138320e-06
-6.749256650344994605e-07
-9.087675508466361017e-06
8.999008886133145097e-06
6.749256650344998840e-07
-9.087675508466354241e-06
