2.042364056734876384e-12
4.168006741244543501e-13
-2.042364056734875981e-12
-2.042364056734876384e-12
4.168006741244515733e-13
2.042364056734875981e-12
-2.042364056734864268e-12
4.168006741244480392e-13
2.042364056734864268e-12
2.042364056734864268e-12
4.168006741244509170e-13
-2.042364056734864268e-12
2.042364056734875981e-12
2.253816685870751604e-08
-2.042364056734876384e-12
-2.042364056734875981e-12
2.253816685870751934e-08
2.042364056734876384e-12
-2.042364056734864268e-12
2.253816685870712561e-08
2.042364056734864268e-12
2.042364056734864268e-12
2.253816685870712561e-08
-2.042364056734863864e-12
